#CHANNEL:CH1
#CLOCK=10.0uS
#SIZE=10240
#UNITS:V

-0.2259
0.2761
0.5208
0.4580
0.4455
0.4455
0.4455
0.4518
0.5459
0.6776
0.7467
0.7467
0.7467
0.7467
0.7404
0.4518
0.0941
-0.3075
-0.4455
-0.4455
-0.4455
-0.4455
-0.4455
-0.5333
-0.5773
-0.5584
-0.5082
-0.4706
-0.4392
-0.3953
-0.3639
-0.3576
-0.3200
-0.2635
-0.2196
-0.1945
-0.1820
-0.1694
-0.1506
-0.1443
-0.1506
-0.1506
-0.1506
-0.1380
-0.1380
-0.1506
-0.1506
-0.1506
-0.1506
-0.1569
-0.1569
-0.1506
-0.1255
-0.1004
-0.0816
-0.0565
-0.0376
-0.0314
-0.0314
-0.0439
-0.0627
-0.0753
-0.0941
-0.1067
-0.1067
-0.1004
-0.0878
-0.0690
-0.0502
-0.0251
-0.0125
0.0000
0.0063
0.0125
0.0251
0.0439
0.0627
0.0753
0.0816
0.0816
0.0816
0.0753
0.0753
0.0690
0.0690
0.0753
0.0753
0.0690
0.0690
0.0690
0.0690
0.0565
0.0565
0.0565
0.0565
0.0502
0.0502
0.0439
0.0439
0.0376
0.0376
0.0314
0.0251
0.0188
0.0125
0.0063
0.0000
-0.0063
-0.0063
-0.0188
-0.0251
-0.0314
-0.0314
-0.0376
-0.0439
-0.0439
-0.0502
-0.0502
-0.0565
-0.0565
-0.0627
-0.0627
-0.0627
-0.0627
-0.0627
-0.0690
-0.0690
-0.0690
-0.0753
-0.0753
-0.0753
-0.0816
-0.0816
-0.0878
-0.0878
-0.0941
-0.0941
-0.1004
-0.1067
-0.1129
-0.1129
-0.1192
-0.1192
-0.1255
-0.1318
-0.1318
-0.1380
-0.1380
-0.1443
-0.1443
-0.1443
-0.1443
-0.1443
-0.1506
-0.1506
-0.1506
-0.1506
-0.1506
-0.1506
-0.1506
-0.1506
-0.1506
-0.1506
-0.1506
-0.1506
-0.1506
-0.1506
-0.1506
-0.1506
-0.1506
-0.1506
-0.1506
-0.1506
-0.1506
-0.1443
-0.1443
-0.1443
-0.1380
-0.1380
-0.1318
-0.1255
-0.1255
-0.1192
-0.1129
-0.1129
-0.1067
-0.1004
-0.1004
-0.0941
-0.0878
-0.0816
-0.0753
-0.0690
-0.0627
-0.0565
-0.0565
-0.0502
-0.0439
-0.0376
-0.0314
-0.0251
-0.0188
-0.0125
-0.0063
-0.0063
0.0000
0.0000
0.0063
0.0125
0.0125
0.0188
0.0251
0.0314
0.0314
0.0376
0.0439
0.0439
0.0502
0.0502
0.0565
0.0627
0.0627
0.0690
0.0690
0.0753
0.0753
0.0816
0.0816
0.0878
0.0941
0.1004
0.1004
0.1004
0.1004
0.1067
0.1067
0.1067
0.1129
0.1192
0.1192
0.1192
0.1255
0.1255
0.1318
0.1318
0.1318
0.1380
0.1380
0.1380
0.1443
0.1443
0.1443
0.1443
0.1443
0.1443
0.1443
0.1443
0.1443
0.1443
0.1443
0.1443
0.1443
0.1443
0.1380
0.1380
0.1380
0.1318
0.1318
0.1318
0.1255
0.1255
0.1255
0.1192
0.1255
0.1192
0.1192
0.1192
0.1129
0.1129
0.1067
0.1067
0.1004
0.1004
0.0941
0.0941
0.0941
0.0878
0.0878
0.0878
0.0816
0.0816
0.0753
0.0753
0.0690
0.0690
0.0690
0.0627
0.0627
0.0565
0.0565
0.0565
0.0502
0.0502
0.0502
0.0439
0.0439
0.0439
0.0439
0.0439
0.0376
0.0376
0.0376
0.0376
0.0376
0.0376
0.0376
0.0376
0.0314
0.0314
0.0314
0.0314
0.0314
0.0314
0.0314
0.0314
0.0314
0.0314
0.0314
0.0314
0.0314
0.0314
0.0314
0.0314
0.0251
0.0251
0.0251
0.0251
0.0251
0.0251
0.0251
0.0251
0.0251
0.0251
0.0251
0.0251
0.0251
0.0251
0.0251
0.0251
0.0251
0.0251
0.0314
0.0314
0.0314
0.0314
0.0314
0.0314
0.0376
0.0376
0.0376
0.0376
0.0376
0.0376
0.0439
0.0439
0.0439
0.0439
0.0439
0.0439
0.0439
0.0502
0.0439
0.0502
0.0502
0.0502
0.0502
0.0502
0.0502
0.0502
0.0502
0.0565
0.0565
0.0565
0.0565
0.0565
0.0565
0.0565
0.0565
0.0565
0.0565
0.0627
0.0627
0.0627
0.0627
0.0627
0.0627
0.0627
0.0627
0.0627
0.0565
0.0627
0.0565
0.0627
0.0565
0.0565
0.0627
0.0565
0.0627
0.0627
0.0627
0.0627
0.0627
0.0627
0.0627
0.0627
0.0627
0.0565
0.0565
0.0565
0.0565
0.0565
0.0565
0.0627
0.0565
0.0565
0.0565
0.0565
0.0565
0.0565
0.0565
0.0565
0.0565
0.0565
0.0565
0.0565
0.0502
0.0502
0.0502
0.0502
0.0502
0.0502
0.0502
0.0502
0.0502
0.0502
0.0502
0.0439
0.0439
0.0439
0.0439
0.0439
0.0439
0.0376
0.0376
0.0376
0.0376
0.0376
0.0376
0.0376
0.0376
0.0376
0.0376
0.0376
0.0314
0.0314
0.0314
0.0314
0.0314
0.0314
0.0314
0.0314
0.0314
0.0314
0.0251
0.0314
0.0314
0.0251
0.0251
0.0251
0.0314
0.0251
0.0251
0.0251
0.0251
0.0251
0.0251
0.0251
0.0251
0.0251
0.0251
0.0251
0.0251
0.0251
0.0251
0.0251
0.0251
0.0251
0.0251
0.0251
0.0251
0.0251
0.0251
0.0188
0.0251
0.0251
0.0251
0.0251
0.0251
0.0251
0.0251
0.0188
0.0251
0.0188
0.0188
0.0188
0.0188
0.0188
0.0188
0.0188
0.0188
0.0188
0.0188
0.0188
0.0188
0.0188
0.0188
0.0188
0.0188
0.0188
0.0188
0.0188
0.0251
0.0251
0.0251
0.0251
0.0251
0.0251
0.0251
0.0251
0.0251
0.0251
0.0251
0.0251
0.0251
0.0251
0.0251
0.0251
0.0251
0.0251
0.0251
0.0251
0.0251
0.0251
0.0251
0.0251
0.0251
0.0251
0.0251
0.0251
0.0251
0.0251
0.0251
0.0251
0.0251
0.0251
0.0251
0.0251
0.0251
0.0251
0.0251
0.0251
0.0251
0.0251
0.0251
0.0251
0.0251
0.0251
0.0251
0.0251
0.0251
0.0251
0.0251
0.0251
0.0251
0.0251
0.0251
0.0251
0.0251
0.0251
0.0251
0.0251
0.0251
0.0251
0.0251
0.0251
0.0251
0.0251
0.0251
0.0251
0.0251
0.0251
0.0251
0.0251
0.0251
0.0251
0.0251
0.0251
0.0251
0.0188
0.0251
0.0251
0.0251
0.0251
0.0188
0.0188
0.0188
0.0188
0.0188
0.0188
0.0188
0.0188
0.0188
0.0188
0.0188
0.0188
0.0188
0.0188
0.0188
0.0188
0.0188
0.0188
0.0188
0.0188
0.0188
0.0188
0.0188
0.0188
0.0188
0.0188
0.0188
0.0188
0.0188
0.0188
0.0125
0.0188
0.0125
0.0188
0.0125
0.0125
0.0125
0.0125
0.0125
0.0125
0.0125
0.0125
0.0125
0.0125
0.0125
0.0125
0.0125
0.0125
0.0125
0.0125
0.0125
0.0125
0.0125
0.0125
0.0125
0.0125
0.0125
0.0125
0.0125
0.0125
0.0125
0.0125
0.0125
0.0125
0.0125
0.0125
0.0125
0.0125
0.0125
0.0125
0.0125
0.0125
0.0125
0.0125
0.0125
0.0063
0.0063
0.0125
0.0125
0.0125
0.0125
0.0125
0.0125
0.0125
0.0125
0.0125
0.0063
0.0125
0.0063
0.0063
0.0063
0.0125
0.0063
0.0125
0.0063
0.0125
0.0125
0.0063
0.0063
0.0125
0.0063
0.0125
0.0125
0.0125
0.0063
0.0125
0.0125
0.0063
0.0125
0.0125
0.0063
0.0063
0.0125
0.0063
0.0063
0.0063
0.0063
0.0063
0.0063
0.0063
0.0063
0.0063
0.0063
0.0063
0.0063
0.0063
0.0063
0.0063
0.0063
0.0063
0.0063
0.0063
0.0125
0.0125
0.0125
0.0125
0.0125
0.0063
0.0063
0.0063
0.0063
0.0063
0.0063
0.0063
0.0063
0.0063
0.0063
0.0063
0.0063
0.0063
0.0063
0.0063
0.0063
0.0063
0.0063
0.0063
0.0063
0.0063
0.0063
0.0063
0.0063
0.0063
0.0063
0.0063
0.0063
0.0063
0.0063
0.0063
0.0063
0.0063
0.0063
0.0063
0.0063
0.0063
0.0063
0.0063
0.0063
0.0063
0.0000
0.0000
0.0000
0.0063
0.0063
0.0063
0.0063
0.0063
0.0063
0.0000
0.0063
0.0000
0.0000
0.0000
0.0000
0.0063
0.0000
0.0000
0.0063
0.0000
0.0063
0.0000
0.0000
0.0000
0.0000
0.0000
0.0000
0.0000
0.0000
0.0063
0.0000
0.0000
0.0000
0.0000
0.0000
0.0000
0.0000
0.0000
0.0000
0.0000
0.0000
0.0000
0.0000
0.0000
0.0000
0.0000
0.0000
0.0000
0.0000
0.0000
0.0000
0.0000
0.0000
0.0000
0.0000
0.0000
0.0000
0.0000
0.0000
0.0000
0.0000
0.0000
0.0000
0.0000
0.0000
0.0000
0.0000
0.0000
0.0000
0.0000
0.0000
0.0000
0.0000
0.0000
0.0000
0.0000
0.0000
0.0000
0.0000
0.0000
0.0000
0.0000
0.0000
0.0000
0.0000
0.0000
0.0000
0.0000
0.0000
0.0000
0.0000
0.0000
0.0000
0.0000
0.0000
0.0000
0.0000
0.0000
0.0000
0.0000
0.0000
0.0000
0.0000
0.0000
0.0000
0.0000
0.0000
0.0000
0.0000
0.0000
0.0000
0.0000
0.0000
0.0000
0.0000
0.0000
0.0000
0.0000
0.0000
0.0000
0.0000
0.0000
0.0000
0.0000
0.0000
0.0000
0.0000
0.0000
0.0000
0.0000
0.0000
0.0000
0.0000
0.0000
0.0000
0.0000
0.0000
0.0000
0.0000
0.0000
0.0000
0.0000
0.0000
0.0000
0.0000
0.0000
0.0000
0.0000
0.0000
0.0000
0.0000
0.0000
0.0000
0.0000
0.0000
0.0000
0.0000
0.0000
0.0000
0.0000
0.0000
0.0000
0.0000
0.0000
0.0000
0.0000
0.0000
0.0000
0.0000
0.0000
0.0000
0.0000
0.0000
0.0000
0.0000
0.0000
0.0000
0.0000
0.0000
0.0000
0.0000
0.0000
0.0000
0.0000
0.0000
0.0000
0.0000
0.0000
0.0000
0.0000
0.0000
0.0000
0.0000
0.0000
0.0000
0.0000
0.0000
0.0000
0.0000
0.0000
0.0000
0.0000
0.0000
0.0000
0.0000
0.0000
0.0000
0.0000
0.0000
0.0000
0.0000
0.0000
0.0000
0.0000
0.0000
0.0000
0.0000
0.0000
0.0000
0.0000
0.0000
0.0000
0.0000
0.0000
0.0000
0.0000
0.0000
0.0000
0.0000
0.0000
0.0000
0.0000
0.0000
0.0000
0.0000
0.0000
0.0000
0.0000
0.0000
0.0000
0.0000
0.0000
0.0000
0.0000
0.0000
0.0000
0.0000
0.0000
0.0000
0.0000
0.0000
0.0000
0.0000
0.0000
0.0000
0.0000
-0.0063
0.0000
-0.0063
0.0000
0.0000
0.0000
0.0000
0.0000
0.0000
0.0000
0.0000
0.0000
0.0000
0.0000
0.0000
0.0000
0.0000
0.0000
0.0000
0.0000
0.0000
0.0000
0.0000
0.0000
0.0000
0.0000
0.0000
0.0000
0.0000
-0.0063
0.0000
0.0000
0.0000
0.0000
0.0000
0.0000
0.0000
0.0000
0.0000
0.0000
0.0000
0.0000
0.0000
0.0000
0.0000
0.0000
0.0000
0.0000
-0.0063
0.0000
-0.0063
0.0000
-0.0063
0.0000
0.0000
0.0000
0.0000
0.0000
-0.0063
0.0000
0.0000
0.0000
0.0000
0.0000
0.0000
0.0000
-0.0063
0.0000
-0.0063
0.0000
0.0000
-0.0063
0.0000
0.0000
0.0000
0.0000
0.0000
0.0000
0.0000
0.0000
0.0000
0.0000
-0.0063
0.0000
-0.0063
0.0000
-0.0063
0.0000
0.0000
-0.0063
-0.0063
-0.0063
-0.0063
0.0000
-0.0063
0.0000
0.0000
0.0000
0.0000
0.0000
0.0000
0.0000
0.0000
0.0000
0.0000
0.0000
0.0000
0.0000
-0.0063
0.0000
0.0000
0.0000
-0.0063
0.0000
-0.0063
-0.0063
-0.0063
0.0000
0.0000
0.0000
0.0000
0.0000
0.0000
0.0000
-0.0063
-0.0063
-0.0063
-0.0063
-0.0063
-0.0063
-0.0063
-0.0063
-0.0063
-0.0063
0.0000
0.0000
0.0000
0.0000
-0.0063
0.0000
0.0000
0.0000
0.0000
0.0000
0.0000
0.0000
0.0000
0.0000
0.0000
0.0000
0.0000
0.0000
0.0000
0.0000
0.0000
0.0000
0.0000
-0.0063
0.0000
-0.0063
0.0000
0.0000
-0.0063
0.0000
-0.0063
-0.0063
0.0000
-0.0063
-0.0063
-0.0063
-0.0063
0.0000
0.0000
0.0000
0.0000
-0.0063
0.0000
0.0000
0.0000
-0.0063
-0.0063
0.0000
-0.0063
0.0000
0.0000
0.0000
0.0000
0.0000
-0.0063
0.0000
0.0000
0.0000
0.0000
0.0000
-0.0063
0.0000
-0.0063
-0.0063
-0.0063
-0.0063
-0.0063
0.0000
0.0000
0.0000
0.0000
0.0000
0.0000
-0.0063
-0.0063
0.0000
-0.0063
-0.0063
-0.0063
-0.0063
-0.0063
-0.0063
-0.0063
0.0000
-0.0063
-0.0063
-0.0063
-0.0063
0.0000
-0.0063
-0.0063
0.0000
-0.0063
-0.0063
-0.0063
0.0000
-0.0063
-0.0063
-0.0063
-0.0063
-0.0063
-0.0063
-0.0063
-0.0063
-0.0063
-0.0063
-0.0063
-0.0063
-0.0063
0.0000
-0.0063
-0.0063
-0.0063
0.0000
-0.0063
-0.0063
-0.0063
0.0000
0.0000
0.0000
0.0000
0.0000
-0.0063
-0.0063
-0.0063
0.0000
-0.0063
-0.0063
-0.0063
-0.0063
-0.0063
-0.0063
0.0000
0.0000
0.0000
0.0000
0.0000
0.0000
0.0000
0.0000
0.0000
0.0000
0.0000
0.0000
-0.0063
0.0000
-0.0063
0.0000
0.0000
0.0000
0.0000
0.0000
0.0000
0.0000
0.0000
0.0000
-0.0063
-0.0063
-0.0063
-0.0063
-0.0063
0.0000
0.0000
0.0000
-0.0063
-0.0063
-0.0063
-0.0063
-0.0063
-0.0063
-0.0063
-0.0063
-0.0063
0.0000
-0.0063
-0.0063
-0.0063
-0.0063
-0.0063
-0.0063
-0.0063
-0.0063
-0.0063
-0.0063
-0.0063
0.0000
-0.0063
-0.0063
-0.0063
-0.0063
-0.0063
-0.0063
-0.0063
-0.0063
0.0000
0.0000
0.0000
-0.0063
-0.0063
-0.0063
-0.0063
0.0000
0.0000
0.0000
-0.0063
0.0000
0.0000
0.0000
-0.0063
-0.0063
-0.0063
-0.0063
0.0000
0.0000
-0.0063
0.0000
-0.0063
-0.0063
-0.0063
-0.0063
-0.0063
-0.0063
-0.0063
-0.0063
-0.0063
-0.0063
-0.0063
0.0000
0.0000
0.0000
0.0000
0.0000
0.0000
-0.0063
-0.0063
-0.0063
-0.0063
-0.0063
-0.0063
-0.0063
0.0000
0.0000
0.0000
-0.0063
-0.0063
-0.0063
-0.0063
-0.0063
-0.0063
-0.0063
-0.0063
-0.0063
-0.0063
-0.0063
-0.0063
-0.0063
-0.0063
-0.0063
-0.0063
-0.0063
-0.0063
-0.0063
-0.0063
-0.0063
0.0000
0.0000
-0.0063
-0.0063
-0.0063
-0.0063
-0.0063
-0.0063
-0.0063
-0.0063
-0.0063
-0.0063
-0.0063
-0.0063
-0.0063
-0.0063
-0.0063
-0.0063
-0.0063
-0.0063
-0.0063
-0.0063
-0.0063
-0.0063
-0.0063
-0.0063
-0.0063
-0.0063
-0.0063
-0.0063
-0.0063
-0.0063
-0.0063
-0.0063
-0.0063
-0.0063
-0.0063
-0.0063
-0.0063
-0.0063
-0.0063
0.0000
-0.0063
0.0000
-0.0063
-0.0063
-0.0063
-0.0063
-0.0063
-0.0063
-0.0063
-0.0063
-0.0063
-0.0063
-0.0063
-0.0063
-0.0063
-0.0063
-0.0063
-0.0063
-0.0063
-0.0063
-0.0063
-0.0063
-0.0063
-0.0063
-0.0063
-0.0063
-0.0063
0.0000
0.0000
0.0000
0.0000
0.0000
-0.0063
-0.0063
-0.0063
-0.0063
-0.0063
-0.0063
-0.0063
-0.0063
-0.0063
-0.0063
-0.0063
-0.0063
-0.0063
-0.0063
-0.0063
-0.0063
0.0000
-0.0063
-0.0063
-0.0063
-0.0063
-0.0063
-0.0063
-0.0063
-0.0063
-0.0063
-0.0063
-0.0063
-0.0063
-0.0063
-0.0063
-0.0063
-0.0063
0.0000
-0.0063
-0.0063
-0.0063
-0.0063
-0.0063
-0.0063
-0.0063
-0.0063
-0.0063
-0.0063
-0.0063
-0.0063
-0.0063
-0.0063
-0.0063
-0.0063
-0.0063
-0.0063
-0.0063
-0.0063
-0.0063
-0.0063
-0.0063
-0.0063
-0.0063
-0.0063
-0.0063
-0.0063
-0.0063
-0.0063
-0.0063
-0.0063
-0.0063
-0.0063
-0.0063
-0.0063
-0.0063
0.0000
-0.0063
-0.0063
-0.0063
-0.0063
-0.0063
-0.0063
-0.0063
-0.0063
-0.0063
-0.0063
-0.0063
-0.0063
-0.0063
-0.0063
-0.0063
-0.0063
-0.0063
-0.0063
-0.0063
0.0000
-0.0063
-0.0063
-0.0063
-0.0063
-0.0063
-0.0063
-0.0063
-0.0063
-0.0063
-0.0063
-0.0063
-0.0063
-0.0063
-0.0063
-0.0063
-0.0063
-0.0063
-0.0063
-0.0063
-0.0063
-0.0063
-0.0063
-0.0063
-0.0063
-0.0063
-0.0063
-0.0063
-0.0063
-0.0063
-0.0063
-0.0063
0.0000
0.0000
0.0000
-0.0063
0.0000
-0.0063
0.0000
0.0000
0.0000
0.0000
0.0000
0.0000
0.0000
0.0000
0.0000
-0.0063
0.0000
-0.0063
-0.0063
-0.0063
-0.0063
-0.0063
-0.0063
-0.0063
-0.0063
-0.0063
-0.0063
-0.0063
-0.0063
-0.0063
-0.0063
-0.0063
-0.0063
-0.0063
0.0000
-0.0063
0.0000
0.0000
0.0000
-0.0063
-0.0063
-0.0063
0.0000
-0.0063
0.0000
0.0000
-0.0063
-0.0063
-0.0063
0.0000
0.0000
-0.0063
0.0000
0.0000
-0.0063
-0.0063
0.0000
0.0000
0.0000
-0.0063
0.0000
0.0000
0.0000
0.0000
0.0000
0.0000
0.0000
-0.0063
0.0000
-0.0063
-0.0063
-0.0063
0.0000
0.0000
0.0000
-0.0063
0.0000
0.0000
0.0000
0.0000
0.0000
0.0000
0.0000
-0.0063
0.0000
0.0000
-0.0063
0.0000
0.0000
-0.0063
0.0000
-0.0063
-0.0063
-0.0063
-0.0063
-0.0063
-0.0063
-0.0063
-0.0063
-0.0063
0.0000
0.0000
0.0000
0.0000
0.0000
0.0000
-0.0063
0.0000
0.0000
-0.0063
0.0000
0.0000
0.0000
0.0000
0.0000
0.0000
0.0000
0.0000
0.0000
0.0000
0.0000
0.0000
0.0000
-0.0063
0.0000
0.0000
0.0000
-0.0063
0.0000
0.0000
0.0000
0.0000
0.0000
0.0000
0.0000
0.0000
0.0000
0.0000
0.0000
0.0000
0.0000
0.0000
0.0000
-0.0063
0.0000
0.0000
-0.0063
0.0000
0.0000
0.0000
0.0000
0.0000
0.0000
0.0000
0.0000
-0.0063
0.0000
0.0000
0.0000
0.0000
0.0000
0.0000
0.0000
0.0000
0.0000
0.0000
0.0000
0.0000
0.0000
0.0000
0.0000
0.0000
0.0000
0.0000
0.0000
0.0000
0.0000
0.0000
0.0000
0.0000
0.0000
0.0000
0.0000
0.0000
0.0000
0.0000
0.0000
0.0000
0.0000
0.0000
0.0000
0.0000
0.0000
0.0000
0.0000
0.0000
0.0000
0.0000
0.0000
0.0000
0.0000
0.0000
0.0000
0.0000
0.0000
0.0000
0.0000
0.0000
0.0000
-0.0063
-0.0063
-0.0063
0.0000
0.0000
0.0000
0.0000
0.0000
-0.0063
0.0000
0.0000
0.0000
0.0000
0.0000
0.0000
0.0000
0.0000
0.0000
0.0000
0.0000
0.0000
0.0000
0.0000
0.0000
0.0000
0.0000
0.0000
0.0000
-0.0063
-0.0063
0.0000
0.0000
0.0000
0.0000
0.0000
0.0000
0.0000
0.0000
-0.0063
0.0000
0.0000
0.0000
0.0000
0.0000
0.0000
0.0000
-0.0063
0.0000
0.0000
0.0000
0.0000
0.0000
0.0000
0.0000
0.0000
0.0000
0.0000
0.0000
0.0000
0.0000
0.0000
0.0000
0.0000
0.0000
0.0000
0.0000
0.0000
0.0000
0.0000
0.0000
0.0000
0.0000
0.0000
0.0000
0.0000
0.0000
0.0000
0.0000
0.0000
0.0000
0.0000
0.0000
0.0000
0.0000
0.0000
0.0000
0.0000
0.0000
0.0000
-0.0063
-0.0063
-0.0063
-0.0063
0.0000
-0.0063
0.0000
0.0000
0.0000
0.0000
0.0000
0.0000
0.0000
0.0000
0.0000
0.0000
0.0000
0.0000
0.0000
0.0000
0.0000
0.0000
0.0000
0.0000
0.0000
0.0000
0.0000
0.0000
0.0000
0.0000
0.0000
0.0000
0.0000
0.0000
0.0000
0.0000
0.0000
-0.0063
0.0000
0.0000
0.0000
0.0000
0.0000
0.0000
0.0000
0.0000
0.0000
0.0000
0.0000
0.0000
0.0000
0.0000
0.0000
0.0000
0.0000
0.0000
0.0000
0.0000
0.0000
0.0000
-0.0063
0.0000
0.0000
0.0000
-0.0063
0.0000
0.0000
0.0000
0.0000
0.0000
0.0000
0.0000
0.0000
0.0000
0.0000
0.0000
0.0000
0.0000
0.0000
0.0000
0.0000
0.0000
0.0000
0.0000
0.0000
0.0000
0.0000
0.0000
0.0000
0.0000
0.0000
0.0000
0.0000
0.0000
0.0000
0.0000
0.0000
0.0000
0.0000
0.0000
0.0000
0.0000
0.0000
0.0000
0.0000
0.0000
0.0000
0.0000
0.0000
0.0000
0.0000
0.0000
0.0000
0.0000
0.0000
0.0000
0.0000
0.0000
0.0000
0.0000
0.0000
0.0000
0.0000
0.0000
0.0000
0.0000
0.0000
0.0000
0.0000
0.0000
0.0000
0.0000
0.0000
0.0000
0.0000
0.0000
0.0000
0.0000
0.0000
0.0000
0.0000
0.0000
0.0000
0.0000
0.0000
0.0000
0.0000
0.0000
0.0000
0.0000
0.0000
0.0000
0.0000
0.0000
0.0000
0.0000
0.0000
0.0000
0.0000
0.0000
0.0000
0.0000
0.0000
0.0000
0.0000
0.0000
0.0000
0.0000
0.0000
0.0000
0.0000
0.0000
0.0000
0.0000
0.0000
0.0000
0.0000
0.0000
0.0000
0.0000
0.0000
0.0000
0.0000
0.0000
0.0000
0.0000
0.0000
0.0000
0.0000
0.0000
0.0000
0.0000
0.0000
0.0000
0.0000
0.0000
0.0000
0.0000
0.0000
0.0000
0.0000
0.0000
0.0000
0.0000
0.0000
0.0000
0.0000
0.0000
0.0000
0.0000
0.0000
0.0000
0.0000
0.0000
0.0000
0.0000
0.0000
0.0000
0.0000
0.0000
0.0000
0.0000
0.0000
0.0000
0.0000
0.0000
0.0000
0.0000
0.0000
0.0000
0.0000
0.0000
0.0000
0.0000
0.0000
0.0000
0.0000
0.0000
0.0000
0.0000
0.0000
0.0000
0.0000
0.0000
0.0000
0.0000
0.0000
0.0000
0.0000
0.0000
0.0000
0.0000
0.0000
0.0000
0.0000
0.0000
0.0000
0.0000
0.0000
0.0000
0.0000
0.0000
0.0000
0.0000
0.0000
0.0000
0.0000
0.0000
0.0000
0.0000
0.0000
0.0000
0.0000
0.0000
0.0000
0.0000
0.0000
0.0000
0.0000
0.0000
0.0000
0.0000
0.0000
0.0000
0.0000
0.0000
0.0000
-0.0063
0.0000
0.0000
0.0000
0.0000
0.0000
0.0000
0.0000
0.0000
0.0000
0.0000
0.0000
0.0000
0.0000
0.0000
0.0000
0.0000
0.0000
0.0000
0.0000
0.0000
0.0000
0.0000
0.0000
0.0000
0.0000
0.0000
0.0000
0.0000
0.0000
0.0000
0.0000
0.0000
0.0000
0.0000
0.0000
0.0000
0.0000
0.0000
0.0000
0.0000
0.0000
0.0000
0.0000
0.0000
0.0000
0.0000
0.0000
0.0000
0.0000
0.0000
0.0000
0.0000
0.0000
0.0000
0.0000
0.0000
0.0000
0.0000
0.0000
0.0000
0.0000
0.0000
0.0000
0.0000
0.0000
0.0000
0.0000
0.0000
0.0000
0.0000
0.0000
0.0000
0.0000
0.0000
0.0000
0.0000
0.0000
0.0000
0.0000
0.0000
0.0000
0.0000
0.0000
0.0000
0.0000
0.0000
0.0000
0.0000
0.0000
0.0000
0.0000
0.0000
0.0000
0.0000
0.0000
0.0000
0.0000
0.0000
0.0000
0.0000
0.0000
0.0000
0.0000
0.0000
0.0000
0.0000
0.0000
0.0000
0.0000
0.0000
0.0000
0.0000
0.0000
0.0000
0.0000
0.0000
0.0000
0.0000
0.0000
0.0000
0.0000
-0.0063
0.0000
0.0000
0.0000
0.0000
0.0000
0.0000
0.0000
0.0000
0.0000
0.0000
0.0000
0.0000
0.0000
0.0000
0.0000
0.0000
0.0000
0.0000
0.0000
0.0000
0.0000
0.0000
0.0000
0.0000
0.0000
0.0000
0.0000
0.0000
0.0000
0.0000
0.0000
0.0000
0.0000
0.0000
0.0000
0.0000
0.0000
0.0000
0.0000
0.0000
0.0000
0.0000
0.0000
0.0000
0.0000
0.0000
0.0000
0.0000
0.0000
0.0000
0.0000
0.0000
0.0000
0.0000
0.0000
-0.0063
0.0000
0.0000
0.0000
-0.0063
0.0000
-0.0063
-0.0063
-0.0063
0.0000
0.0000
0.0000
0.0000
0.0000
0.0000
-0.0063
-0.0063
-0.0063
-0.0063
-0.0063
-0.0063
0.0000
-0.0063
-0.0063
-0.0063
-0.0063
-0.0063
-0.0063
-0.0063
-0.0063
-0.0063
-0.0063
-0.0063
-0.0063
-0.0063
-0.0063
-0.0063
-0.0063
-0.0063
-0.0063
-0.0063
-0.0063
-0.0063
-0.0063
-0.0063
-0.0063
-0.0063
-0.0063
-0.0125
-0.0125
-0.0125
-0.0125
-0.0125
-0.0125
-0.0125
-0.0125
-0.0125
-0.0125
-0.0125
-0.0125
-0.0125
-0.0125
-0.0125
-0.0125
-0.0188
-0.0125
-0.0125
-0.0125
-0.0188
-0.0125
-0.0188
-0.0188
-0.0188
-0.0188
-0.0188
-0.0188
-0.0188
-0.0188
-0.0251
-0.0251
-0.0251
-0.0251
-0.0251
-0.0251
-0.0251
-0.0251
-0.0251
-0.0251
-0.0251
-0.0251
-0.0251
-0.0314
-0.0314
-0.0314
-0.0314
-0.0314
-0.0314
-0.0314
-0.0314
-0.0376
-0.0376
-0.0376
-0.0376
-0.0376
-0.0376
-0.0376
-0.0439
-0.0439
-0.0439
-0.0439
-0.0439
-0.0439
-0.0439
-0.0439
-0.0502
-0.0502
-0.0502
-0.0502
-0.0502
-0.0502
-0.0502
-0.0502
-0.0502
-0.0565
-0.0565
-0.0565
-0.0565
-0.0565
-0.0627
-0.0627
-0.0627
-0.0627
-0.0627
-0.0627
-0.0690
-0.0690
-0.0690
-0.0690
-0.0690
-0.0690
-0.0753
-0.0753
-0.0753
-0.0753
-0.0753
-0.0816
-0.0816
-0.0816
-0.0816
-0.0816
-0.0816
-0.0878
-0.0878
-0.0878
-0.0878
-0.0941
-0.0941
-0.0941
-0.0941
-0.0941
-0.1004
-0.1004
-0.1004
-0.1004
-0.1004
-0.1004
-0.1067
-0.1067
-0.1067
-0.1067
-0.1129
-0.1129
-0.1129
-0.1129
-0.1192
-0.1192
-0.1192
-0.1192
-0.1255
-0.1255
-0.1255
-0.1255
-0.1255
-0.1255
-0.1255
-0.1318
-0.1318
-0.1318
-0.1318
-0.1318
-0.1318
-0.1380
-0.1380
-0.1380
-0.1380
-0.1380
-0.1380
-0.1380
-0.1380
-0.1443
-0.1443
-0.1443
-0.1443
-0.1443
-0.1443
-0.1443
-0.1443
-0.1443
-0.1443
-0.1506
-0.1506
-0.1506
-0.1506
-0.1506
-0.1506
-0.1506
-0.1506
-0.1506
-0.1506
-0.1506
-0.1506
-0.1506
-0.1569
-0.1569
-0.1569
-0.1569
-0.1569
-0.1569
-0.1569
-0.1569
-0.1569
-0.1569
-0.1569
-0.1569
-0.1569
-0.1569
-0.1569
-0.1569
-0.1569
-0.1569
-0.1569
-0.1569
-0.1569
-0.1569
-0.1569
-0.1569
-0.1569
-0.1569
-0.1569
-0.1569
-0.1569
-0.1569
-0.1569
-0.1569
-0.1569
-0.1569
-0.1569
-0.1569
-0.1569
-0.1569
-0.1569
-0.1569
-0.1569
-0.1569
-0.1569
-0.1569
-0.1569
-0.1569
-0.1569
-0.1569
-0.1569
-0.1569
-0.1569
-0.1569
-0.1569
-0.1506
-0.1506
-0.1506
-0.1506
-0.1506
-0.1506
-0.1506
-0.1506
-0.1506
-0.1506
-0.1506
-0.1506
-0.1506
-0.1506
-0.1506
-0.1506
-0.1506
-0.1506
-0.1506
-0.1506
-0.1506
-0.1506
-0.1506
-0.1506
-0.1506
-0.1506
-0.1506
-0.1506
-0.1443
-0.1506
-0.1443
-0.1443
-0.1443
-0.1506
-0.1443
-0.1506
-0.1506
-0.1506
-0.1506
-0.1443
-0.1443
-0.1443
-0.1443
-0.1443
-0.1443
-0.1443
-0.1443
-0.1443
-0.1443
-0.1443
-0.1443
-0.1443
-0.1443
-0.1443
-0.1443
-0.1443
-0.1443
-0.1443
-0.1443
-0.1443
-0.1443
-0.1443
-0.1443
-0.1506
-0.1506
-0.1506
-0.1506
-0.1506
-0.1506
-0.1506
-0.1506
-0.1506
-0.1506
-0.1506
-0.1506
-0.1506
-0.1506
-0.1506
-0.1506
-0.1506
-0.1569
-0.1569
-0.1569
-0.1569
-0.1569
-0.1569
-0.1569
-0.1569
-0.1569
-0.1569
-0.1569
-0.1569
-0.1569
-0.1569
-0.1569
-0.1569
-0.1569
-0.1569
-0.1569
-0.1569
-0.1631
-0.1569
-0.1631
-0.1569
-0.1631
-0.1631
-0.1631
-0.1631
-0.1631
-0.1631
-0.1631
-0.1631
-0.1631
-0.1631
-0.1631
-0.1631
-0.1631
-0.1631
-0.1631
-0.1631
-0.1631
-0.1631
-0.1631
-0.1569
-0.1569
-0.1569
-0.1569
-0.1569
-0.1569
-0.1569
-0.1569
-0.1569
-0.1569
-0.1569
-0.1569
-0.1569
-0.1506
-0.1506
-0.1506
-0.1506
-0.1506
-0.1506
-0.1506
-0.1443
-0.1443
-0.1443
-0.1443
-0.1380
-0.1380
-0.1380
-0.1380
-0.1318
-0.1318
-0.1318
-0.1255
-0.1255
-0.1255
-0.1192
-0.1192
-0.1192
-0.1129
-0.1129
-0.1067
-0.1067
-0.1004
-0.1004
-0.0941
-0.0941
-0.0878
-0.0816
-0.0816
-0.0753
-0.0753
-0.0690
-0.0690
-0.0627
-0.0627
-0.0565
-0.0565
-0.0502
-0.0502
-0.0439
-0.0376
-0.0314
-0.0314
-0.0251
-0.0188
-0.0188
-0.0125
-0.0063
-0.0063
0.0000
0.0000
0.0063
0.0125
0.0188
0.0251
0.0251
0.0314
0.0376
0.0439
0.0502
0.0565
0.0627
0.0690
0.0753
0.0816
0.0816
0.0878
0.0941
0.1067
0.1129
0.1129
0.1192
0.1255
0.1318
0.1380
0.1443
0.1569
0.1569
0.1694
0.1757
0.1820
0.1820
0.1945
0.2008
0.2071
0.2133
0.2196
0.2259
0.2322
0.2384
0.2447
0.2573
0.2635
0.2698
0.2761
0.2824
0.2949
0.3012
0.3012
0.3137
0.3137
0.3263
0.3325
0.3388
0.3451
0.3514
0.3576
0.3702
0.3765
0.3827
0.3890
0.3953
0.4016
0.4078
0.4141
0.4204
0.4267
0.4329
0.4392
0.4455
0.4518
0.4580
0.4643
0.4706
0.4831
0.4831
0.4894
0.4957
0.5020
0.5082
0.5145
0.5208
0.5271
0.5333
0.5396
0.5396
0.5459
0.5522
0.5584
0.5647
0.5710
0.5710
0.5773
0.5835
0.5898
0.5898
0.5961
0.5961
0.6024
0.6086
0.6086
0.6149
0.6149
0.6212
0.6275
0.6275
0.6275
0.6337
0.6337
0.6400
0.6400
0.6463
0.6463
0.6463
0.6525
0.6525
0.6525
0.6525
0.6588
0.6588
0.6588
0.6588
0.6588
0.6651
0.6651
0.6651
0.6651
0.6651
0.6651
0.6651
0.6651
0.6651
0.6588
0.6588
0.6588
0.6588
0.6588
0.6525
0.6525
0.6525
0.6463
0.6463
0.6463
0.6400
0.6400
0.6337
0.6337
0.6275
0.6275
0.6212
0.6212
0.6149
0.6086
0.6086
0.6024
0.5961
0.5961
0.5898
0.5898
0.5835
0.5773
0.5773
0.5710
0.5647
0.5584
0.5522
0.5396
0.5333
0.5333
0.5208
0.5208
0.5145
0.5082
0.4957
0.4894
0.4831
0.4769
0.4706
0.4643
0.4518
0.4455
0.4329
0.4267
0.4204
0.4141
0.4078
0.3953
0.3890
0.3827
0.3702
0.3639
0.3514
0.3451
0.3388
0.3263
0.3200
0.3137
0.3012
0.2949
0.2824
0.2698
0.2635
0.2510
0.2447
0.2322
0.2259
0.2133
0.2071
0.2008
0.1882
0.1757
0.1631
0.1569
0.1443
0.1380
0.1318
0.1192
0.1067
0.1004
0.0816
0.0753
0.0627
0.0565
0.0439
0.0376
0.0251
0.0188
0.0063
0.0000
-0.0063
-0.0188
-0.0251
-0.0376
-0.0502
-0.0565
-0.0627
-0.0753
-0.0816
-0.0941
-0.1067
-0.1129
-0.1255
-0.1318
-0.1443
-0.1506
-0.1631
-0.1694
-0.1757
-0.1882
-0.2008
-0.2071
-0.2196
-0.2259
-0.2322
-0.2447
-0.2510
-0.2573
-0.2698
-0.2761
-0.2886
-0.2949
-0.3012
-0.3137
-0.3200
-0.3263
-0.3325
-0.3451
-0.3514
-0.3576
-0.3639
-0.3702
-0.3827
-0.3890
-0.3953
-0.4016
-0.4078
-0.4141
-0.4204
-0.4267
-0.4329
-0.4392
-0.4455
-0.4518
-0.4580
-0.4643
-0.4769
-0.4769
-0.4894
-0.4894
-0.4957
-0.5020
-0.5082
-0.5145
-0.5208
-0.5271
-0.5271
-0.5333
-0.5396
-0.5459
-0.5522
-0.5522
-0.5584
-0.5647
-0.5647
-0.5710
-0.5773
-0.5773
-0.5835
-0.5898
-0.5961
-0.5961
-0.6024
-0.6024
-0.6086
-0.6086
-0.6149
-0.6149
-0.6212
-0.6212
-0.6275
-0.6275
-0.6275
-0.6337
-0.6337
-0.6400
-0.6400
-0.6400
-0.6463
-0.6463
-0.6463
-0.6525
-0.6525
-0.6525
-0.6525
-0.6588
-0.6588
-0.6588
-0.6651
-0.6651
-0.6651
-0.6651
-0.6714
-0.6714
-0.6714
-0.6714
-0.6714
-0.6714
-0.6714
-0.6714
-0.6776
-0.6714
-0.6714
-0.6714
-0.6714
-0.6714
-0.6776
-0.6714
-0.6776
-0.6714
-0.6714
-0.6714
-0.6714
-0.6714
-0.6714
-0.6714
-0.6651
-0.6651
-0.6651
-0.6651
-0.6651
-0.6588
-0.6588
-0.6588
-0.6525
-0.6525
-0.6525
-0.6525
-0.6463
-0.6463
-0.6463
-0.6400
-0.6400
-0.6337
-0.6337
-0.6337
-0.6275
-0.6275
-0.6212
-0.6212
-0.6212
-0.6149
-0.6149
-0.6086
-0.6024
-0.6024
-0.5961
-0.5898
-0.5898
-0.5835
-0.5773
-0.5773
-0.5710
-0.5647
-0.5647
-0.5584
-0.5522
-0.5459
-0.5459
-0.5396
-0.5333
-0.5271
-0.5271
-0.5208
-0.5145
-0.5082
-0.5020
-0.4957
-0.4957
-0.4894
-0.4831
-0.4769
-0.4706
-0.4643
-0.4580
-0.4518
-0.4455
-0.4392
-0.4329
-0.4267
-0.4204
-0.4141
-0.4078
-0.4016
-0.3953
-0.3890
-0.3827
-0.3765
-0.3702
-0.3639
-0.3576
-0.3514
-0.3451
-0.3388
-0.3325
-0.3263
-0.3137
-0.3075
-0.3012
-0.2949
-0.2886
-0.2824
-0.2761
-0.2635
-0.2573
-0.2510
-0.2510
-0.2384
-0.2322
-0.2259
-0.2196
-0.2133
-0.2071
-0.1945
-0.1882
-0.1882
-0.1757
-0.1694
-0.1631
-0.1569
-0.1506
-0.1443
-0.1380
-0.1318
-0.1255
-0.1192
-0.1129
-0.1004
-0.0941
-0.0878
-0.0816
-0.0753
-0.0690
-0.0627
-0.0565
-0.0502
-0.0439
-0.0376
-0.0314
-0.0251
-0.0188
-0.0125
-0.0063
0.0000
0.0000
0.0063
0.0125
0.0188
0.0251
0.0251
0.0314
0.0376
0.0439
0.0502
0.0565
0.0565
0.0627
0.0690
0.0753
0.0816
0.0816
0.0878
0.0941
0.1004
0.1004
0.1067
0.1129
0.1192
0.1192
0.1255
0.1255
0.1318
0.1380
0.1380
0.1443
0.1506
0.1506
0.1569
0.1569
0.1631
0.1694
0.1694
0.1757
0.1757
0.1820
0.1820
0.1882
0.1882
0.1945
0.2008
0.2008
0.2071
0.2071
0.2071
0.2133
0.2133
0.2133
0.2196
0.2196
0.2259
0.2259
0.2259
0.2322
0.2322
0.2322
0.2384
0.2384
0.2384
0.2447
0.2447
0.2447
0.2510
0.2510
0.2510
0.2510
0.2573
0.2573
0.2573
0.2573
0.2635
0.2635
0.2635
0.2698
0.2698
0.2698
0.2698
0.2698
0.2761
0.2761
0.2761
0.2761
0.2824
0.2824
0.2824
0.2824
0.2824
0.2824
0.2824
0.2886
0.2886
0.2886
0.2886
0.2886
0.2886
0.2886
0.2886
0.2886
0.2886
0.2886
0.2949
0.2949
0.2949
0.2949
0.2949
0.2949
0.2949
0.2949
0.2949
0.2949
0.2949
0.2949
0.2949
0.2949
0.2949
0.2949
0.2949
0.2949
0.2949
0.2949
0.2949
0.2949
0.2949
0.2949
0.2949
0.2949
0.2949
0.2949
0.2949
0.2886
0.2949
0.2949
0.2886
0.2886
0.2886
0.2886
0.2886
0.2886
0.2886
0.2886
0.2886
0.2824
0.2824
0.2824
0.2824
0.2824
0.2824
0.2824
0.2761
0.2761
0.2761
0.2761
0.2698
0.2698
0.2698
0.2698
0.2698
0.2635
0.2635
0.2635
0.2635
0.2573
0.2573
0.2573
0.2510
0.2510
0.2510
0.2510
0.2447
0.2447
0.2447
0.2447
0.2447
0.2384
0.2384
0.2384
0.2322
0.2322
0.2322
0.2322
0.2322
0.2259
0.2259
0.2259
0.2196
0.2196
0.2196
0.2133
0.2133
0.2133
0.2071
0.2071
0.2071
0.2008
0.2008
0.2008
0.2008
0.1945
0.1945
0.1945
0.1882
0.1882
0.1820
0.1820
0.1820
0.1757
0.1694
0.1694
0.1694
0.1631
0.1631
0.1631
0.1569
0.1569
0.1506
0.1506
0.1506
0.1443
0.1443
0.1443
0.1380
0.1380
0.1318
0.1318
0.1318
0.1255
0.1255
0.1255
0.1192
0.1192
0.1129
0.1129
0.1067
0.1067
0.1067
0.1004
0.1004
0.1004
0.0941
0.0878
0.0878
0.0816
0.0816
0.0753
0.0753
0.0690
0.0690
0.0627
0.0627
0.0627
0.0565
0.0565
0.0565
0.0502
0.0502
0.0439
0.0439
0.0376
0.0376
0.0376
0.0314
0.0314
0.0251
0.0251
0.0251
0.0188
0.0188
0.0125
0.0125
0.0125
0.0063
0.0063
0.0000
0.0000
0.0000
0.0000
-0.0063
-0.0063
-0.0125
-0.0125
-0.0125
-0.0188
-0.0251
-0.0251
-0.0314
-0.0314
-0.0376
-0.0376
-0.0376
-0.0439
-0.0439
-0.0502
-0.0502
-0.0502
-0.0565
-0.0565
-0.0627
-0.0627
-0.0627
-0.0690
-0.0753
-0.0753
-0.0753
-0.0816
-0.0816
-0.0816
-0.0878
-0.0941
-0.0941
-0.1004
-0.1004
-0.1067
-0.1067
-0.1129
-0.1129
-0.1192
-0.1192
-0.1255
-0.1255
-0.1255
-0.1318
-0.1318
-0.1380
-0.1380
-0.1443
-0.1443
-0.1443
-0.1506
-0.1506
-0.1506
-0.1569
-0.1569
-0.1631
-0.1631
-0.1631
-0.1694
-0.1694
-0.1694
-0.1757
-0.1757
-0.1757
-0.1820
-0.1882
-0.1882
-0.1882
-0.1945
-0.1945
-0.2008
-0.2008
-0.2008
-0.2071
-0.2071
-0.2133
-0.2133
-0.2133
-0.2196
-0.2196
-0.2196
-0.2259
-0.2259
-0.2259
-0.2322
-0.2322
-0.2384
-0.2384
-0.2384
-0.2384
-0.2447
-0.2447
-0.2447
-0.2447
-0.2447
-0.2510
-0.2510
-0.2510
-0.2510
-0.2573
-0.2573
-0.2573
-0.2573
-0.2635
-0.2635
-0.2635
-0.2698
-0.2698
-0.2698
-0.2698
-0.2761
-0.2698
-0.2761
-0.2761
-0.2761
-0.2761
-0.2824
-0.2824
-0.2824
-0.2824
-0.2824
-0.2824
-0.2886
-0.2886
-0.2886
-0.2886
-0.2886
-0.2886
-0.2886
-0.2886
-0.2886
-0.2886
-0.2949
-0.2949
-0.2949
-0.2949
-0.2949
-0.2949
-0.2949
-0.2949
-0.2949
-0.2949
-0.2949
-0.2949
-0.2949
-0.2949
-0.2949
-0.2949
-0.2949
-0.2949
-0.2949
-0.2949
-0.2949
-0.2949
-0.2949
-0.2949
-0.2949
-0.2949
-0.2949
-0.2949
-0.2949
-0.2949
-0.2886
-0.2886
-0.2886
-0.2886
-0.2886
-0.2824
-0.2824
-0.2824
-0.2824
-0.2824
-0.2824
-0.2761
-0.2761
-0.2761
-0.2761
-0.2761
-0.2698
-0.2698
-0.2698
-0.2698
-0.2635
-0.2635
-0.2635
-0.2573
-0.2573
-0.2573
-0.2573
-0.2510
-0.2510
-0.2510
-0.2510
-0.2447
-0.2447
-0.2384
-0.2384
-0.2384
-0.2384
-0.2322
-0.2322
-0.2322
-0.2322
-0.2259
-0.2259
-0.2196
-0.2196
-0.2196
-0.2196
-0.2133
-0.2071
-0.2071
-0.2071
-0.2008
-0.1945
-0.1945
-0.1945
-0.1882
-0.1882
-0.1820
-0.1820
-0.1757
-0.1757
-0.1694
-0.1694
-0.1631
-0.1631
-0.1569
-0.1569
-0.1506
-0.1506
-0.1443
-0.1443
-0.1443
-0.1380
-0.1380
-0.1318
-0.1318
-0.1255
-0.1192
-0.1192
-0.1129
-0.1129
-0.1067
-0.1067
-0.1004
-0.1004
-0.0941
-0.0941
-0.0878
-0.0878
-0.0816
-0.0816
-0.0753
-0.0690
-0.0690
-0.0627
-0.0627
-0.0565
-0.0565
-0.0502
-0.0502
-0.0502
-0.0439
-0.0439
-0.0376
-0.0376
-0.0314
-0.0314
-0.0251
-0.0251
-0.0188
-0.0188
-0.0125
-0.0063
-0.0063
0.0000
0.0000
0.0000
0.0000
0.0063
0.0063
0.0125
0.0125
0.0188
0.0188
0.0188
0.0251
0.0251
0.0314
0.0314
0.0376
0.0376
0.0376
0.0439
0.0439
0.0502
0.0502
0.0502
0.0565
0.0565
0.0627
0.0627
0.0627
0.0690
0.0690
0.0690
0.0753
0.0753
0.0816
0.0816
0.0816
0.0878
0.0878
0.0878
0.0941
0.0941
0.0941
0.1004
0.1004
0.1004
0.1067
0.1067
0.1067
0.1129
0.1129
0.1129
0.1129
0.1129
0.1192
0.1192
0.1192
0.1192
0.1255
0.1255
0.1255
0.1255
0.1318
0.1318
0.1318
0.1318
0.1318
0.1318
0.1318
0.1318
0.1318
0.1380
0.1380
0.1380
0.1380
0.1380
0.1380
0.1380
0.1380
0.1443
0.1443
0.1443
0.1443
0.1443
0.1443
0.1443
0.1443
0.1443
0.1443
0.1443
0.1443
0.1443
0.1506
0.1506
0.1506
0.1506
0.1506
0.1506
0.1506
0.1506
0.1506
0.1506
0.1506
0.1506
0.1506
0.1506
0.1506
0.1506
0.1506
0.1506
0.1506
0.1506
0.1506
0.1506
0.1506
0.1506
0.1506
0.1506
0.1506
0.1506
0.1506
0.1506
0.1506
0.1443
0.1443
0.1443
0.1443
0.1443
0.1443
0.1443
0.1443
0.1443
0.1443
0.1443
0.1443
0.1443
0.1443
0.1380
0.1380
0.1380
0.1380
0.1380
0.1380
0.1380
0.1380
0.1380
0.1318
0.1318
0.1318
0.1318
0.1318
0.1318
0.1318
0.1318
0.1318
0.1255
0.1318
0.1255
0.1255
0.1255
0.1255
0.1255
0.1255
0.1255
0.1255
0.1255
0.1255
0.1255
0.1255
0.1192
0.1192
0.1192
0.1192
0.1192
0.1192
0.1192
0.1129
0.1129
0.1129
0.1129
0.1129
0.1129
0.1129
0.1129
0.1067
0.1067
0.1067
0.1067
0.1067
0.1067
0.1067
0.1067
0.1067
0.1067
0.1004
0.1004
0.1004
0.1004
0.1004
0.1004
0.1004
0.1004
0.1004
0.1004
0.1004
0.1004
0.0941
0.1004
0.0941
0.0941
0.0941
0.0941
0.0941
0.0941
0.0941
0.0941
0.0941
0.0878
0.0941
0.0878
0.0878
0.0878
0.0878
0.0878
0.0878
0.0878
0.0878
0.0878
0.0878
0.0878
0.0878
0.0878
0.0878
0.0878
0.0878
0.0878
0.0878
0.0878
0.0878
0.0878
0.0878
0.0878
0.0878
0.0878
0.0878
0.0878
0.0878
0.0878
0.0878
0.0878
0.0878
0.0878
0.0878
0.0941
0.0941
0.0941
0.0941
0.0941
0.0941
0.0941
0.0941
0.0941
0.0941
0.0941
0.0941
0.1004
0.1004
0.1004
0.1004
0.1004
0.1004
0.1004
0.1004
0.1004
0.1067
0.1067
0.1067
0.1067
0.1067
0.1067
0.1067
0.1129
0.1129
0.1129
0.1129
0.1129
0.1129
0.1129
0.1192
0.1192
0.1192
0.1192
0.1192
0.1255
0.1255
0.1255
0.1255
0.1255
0.1255
0.1255
0.1318
0.1318
0.1318
0.1318
0.1318
0.1380
0.1380
0.1380
0.1380
0.1380
0.1380
0.1443
0.1443
0.1443
0.1443
0.1443
0.1443
0.1443
0.1506
0.1506
0.1506
0.1569
0.1569
0.1569
0.1569
0.1569
0.1631
0.1631
0.1631
0.1631
0.1694
0.1694
0.1694
0.1694
0.1694
0.1757
0.1757
0.1757
0.1757
0.1757
0.1820
0.1820
0.1820
0.1820
0.1820
0.1882
0.1882
0.1882
0.1882
0.1882
0.1882
0.1882
0.1882
0.1945
0.1945
0.1945
0.1945
0.1945
0.1945
0.1945
0.1945
0.1945
0.1945
0.1945
0.1945
0.2008
0.2008
0.2008
0.2008
0.2008
0.2008
0.2071
0.2071
0.2008
0.2008
0.2071
0.2071
0.2071
0.2071
0.2071
0.2071
0.2071
0.2071
0.2071
0.2071
0.2071
0.2071
0.2071
0.2071
0.2071
0.2071
0.2071
0.2071
0.2071
0.2071
0.2071
0.2071
0.2071
0.2071
0.2071
0.2071
0.2008
0.2008
0.2071
0.2071
0.2008
0.2071
0.2008
0.2008
0.2008
0.2008
0.2008
0.2008
0.2008
0.1945
0.1945
0.1945
0.2008
0.2008
0.1945
0.1945
0.1945
0.2008
0.1945
0.1945
0.1945
0.1945
0.1945
0.1945
0.1945
0.1945
0.1945
0.1882
0.1882
0.1882
0.1882
0.1882
0.1882
0.1882
0.1882
0.1882
0.1882
0.1820
0.1820
0.1820
0.1820
0.1820
0.1820
0.1820
0.1757
0.1757
0.1757
0.1757
0.1757
0.1757
0.1757
0.1757
0.1757
0.1757
0.1694
0.1694
0.1694
0.1694
0.1694
0.1694
0.1694
0.1694
0.1694
0.1694
0.1631
0.1631
0.1631
0.1631
0.1631
0.1631
0.1631
0.1631
0.1631
0.1631
0.1631
0.1569
0.1569
0.1569
0.1569
0.1569
0.1569
0.1569
0.1569
0.1569
0.1569
0.1569
0.1506
0.1506
0.1506
0.1506
0.1506
0.1506
0.1506
0.1506
0.1506
0.1506
0.1506
0.1506
0.1443
0.1443
0.1443
0.1506
0.1443
0.1443
0.1443
0.1443
0.1443
0.1443
0.1443
0.1443
0.1443
0.1443
0.1380
0.1380
0.1380
0.1380
0.1380
0.1380
0.1380
0.1380
0.1380
0.1380
0.1380
0.1380
0.1380
0.1380
0.1380
0.1380
0.1318
0.1318
0.1318
0.1318
0.1318
0.1318
0.1318
0.1318
0.1318
0.1318
0.1318
0.1318
0.1318
0.1318
0.1318
0.1318
0.1318
0.1318
0.1318
0.1255
0.1318
0.1255
0.1255
0.1255
0.1255
0.1255
0.1255
0.1255
0.1255
0.1255
0.1255
0.1255
0.1255
0.1255
0.1255
0.1255
0.1255
0.1255
0.1255
0.1255
0.1255
0.1255
0.1255
0.1192
0.1255
0.1192
0.1255
0.1192
0.1255
0.1255
0.1192
0.1255
0.1192
0.1192
0.1192
0.1192
0.1192
0.1192
0.1192
0.1192
0.1255
0.1255
0.1255
0.1192
0.1255
0.1192
0.1192
0.1192
0.1192
0.1192
0.1192
0.1192
0.1192
0.1192
0.1192
0.1192
0.1192
0.1192
0.1192
0.1192
0.1192
0.1192
0.1192
0.1192
0.1192
0.1192
0.1192
0.1192
0.1192
0.1192
0.1192
0.1192
0.1192
0.1192
0.1192
0.1192
0.1192
0.1192
0.1192
0.1192
0.1192
0.1192
0.1192
0.1192
0.1192
0.1192
0.1192
0.1192
0.1192
0.1192
0.1192
0.1192
0.1192
0.1192
0.1129
0.1129
0.1129
0.1129
0.1129
0.1129
0.1129
0.1129
0.1129
0.1129
0.1129
0.1129
0.1129
0.1129
0.1129
0.1129
0.1129
0.1129
0.1129
0.1129
0.1129
0.1129
0.1067
0.1067
0.1067
0.1067
0.1067
0.1067
0.1067
0.1067
0.1067
0.1067
0.1067
0.1067
0.1067
0.1004
0.1004
0.1004
0.1004
0.1004
0.1067
0.1004
0.1004
0.1004
0.1004
0.1004
0.1004
0.1004
0.1004
0.1004
0.0941
0.0941
0.0941
0.0941
0.0941
0.0941
0.0941
0.0941
0.0941
0.0941
0.0941
0.0941
0.0941
0.0941
0.0941
0.0941
0.0941
0.0878
0.0878
0.0878
0.0878
0.0878
0.0878
0.0878
0.0878
0.0878
0.0816
0.0816
0.0816
0.0816
0.0816
0.0816
0.0816
0.0816
0.0816
0.0753
0.0753
0.0753
0.0753
0.0753
0.0753
0.0753
0.0753
0.0753
0.0690
0.0690
0.0690
0.0690
0.0690
0.0690
0.0690
0.0690
0.0690
0.0690
0.0627
0.0627
0.0627
0.0627
0.0627
0.0627
0.0565
0.0565
0.0565
0.0565
0.0565
0.0565
0.0565
0.0502
0.0502
0.0502
0.0502
0.0502
0.0439
0.0439
0.0439
0.0439
0.0439
0.0439
0.0376
0.0376
0.0376
0.0314
0.0314
0.0314
0.0314
0.0314
0.0251
0.0251
0.0251
0.0251
0.0188
0.0188
0.0188
0.0188
0.0125
0.0125
0.0125
0.0063
0.0063
0.0063
0.0000
0.0000
0.0000
0.0000
0.0000
-0.0063
-0.0063
-0.0063
-0.0125
-0.0125
-0.0188
-0.0188
-0.0251
-0.0251
-0.0251
-0.0314
-0.0314
-0.0376
-0.0376
-0.0439
-0.0439
-0.0439
-0.0502
-0.0502
-0.0502
-0.0565
-0.0565
-0.0627
-0.0627
-0.0690
-0.0690
-0.0753
-0.0753
-0.0753
-0.0816
-0.0816
-0.0878
-0.0878
-0.0941
-0.0941
-0.1004
-0.1067
-0.1067
-0.1067
-0.1129
-0.1192
-0.1192
-0.1255
-0.1255
-0.1318
-0.1318
-0.1380
-0.1380
-0.1443
-0.1443
-0.1443
-0.1506
-0.1569
-0.1569
-0.1569
-0.1631
-0.1631
-0.1694
-0.1694
-0.1694
-0.1757
-0.1757
-0.1820
-0.1820
-0.1882
-0.1945
-0.1945
-0.2008
-0.2008
-0.2071
-0.2071
-0.2071
-0.2133
-0.2133
-0.2196
-0.2196
-0.2259
-0.2259
-0.2259
-0.2322
-0.2322
-0.2384
-0.2384
-0.2384
-0.2447
-0.2447
-0.2447
-0.2447
-0.2510
-0.2510
-0.2573
-0.2573
-0.2573
-0.2635
-0.2635
-0.2635
-0.2635
-0.2635
-0.2698
-0.2698
-0.2698
-0.2698
-0.2761
-0.2761
-0.2761
-0.2761
-0.2761
-0.2824
-0.2824
-0.2824
-0.2824
-0.2886
-0.2886
-0.2886
-0.2886
-0.2886
-0.2886
-0.2886
-0.2949
-0.2949
-0.2949
-0.2949
-0.2949
-0.2949
-0.2949
-0.3012
-0.2949
-0.2949
-0.2949
-0.3012
-0.2949
-0.3012
-0.2949
-0.2949
-0.2949
-0.3012
-0.2949
-0.3012
-0.2949
-0.3012
-0.2949
-0.2949
-0.2949
-0.2949
-0.2949
-0.2949
-0.2949
-0.2949
-0.2886
-0.2886
-0.2886
-0.2886
-0.2886
-0.2886
-0.2824
-0.2824
-0.2824
-0.2824
-0.2761
-0.2824
-0.2761
-0.2761
-0.2761
-0.2761
-0.2698
-0.2698
-0.2698
-0.2698
-0.2635
-0.2635
-0.2635
-0.2635
-0.2573
-0.2573
-0.2573
-0.2573
-0.2510
-0.2510
-0.2510
-0.2447
-0.2447
-0.2447
-0.2447
-0.2447
-0.2384
-0.2384
-0.2384
-0.2384
-0.2322
-0.2322
-0.2322
-0.2259
-0.2259
-0.2259
-0.2196
-0.2196
-0.2196
-0.2196
-0.2133
-0.2133
-0.2133
-0.2071
-0.2071
-0.2071
-0.2008
-0.2008
-0.2008
-0.1945
-0.1945
-0.1882
-0.1882
-0.1882
-0.1820
-0.1820
-0.1820
-0.1757
-0.1757
-0.1694
-0.1694
-0.1694
-0.1631
-0.1631
-0.1631
-0.1569
-0.1569
-0.1569
-0.1506
-0.1506
-0.1506
-0.1443
-0.1443
-0.1443
-0.1443
-0.1380
-0.1380
-0.1380
-0.1380
-0.1380
-0.1318
-0.1318
-0.1255
-0.1255
-0.1255
-0.1255
-0.1192
-0.1192
-0.1192
-0.1129
-0.1129
-0.1129
-0.1067
-0.1067
-0.1067
-0.1004
-0.1004
-0.1004
-0.0941
-0.0941
-0.0941
-0.0878
-0.0878
-0.0878
-0.0878
-0.0816
-0.0816
-0.0816
-0.0753
-0.0753
-0.0753
-0.0753
-0.0753
-0.0690
-0.0690
-0.0627
-0.0627
-0.0627
-0.0565
-0.0565
-0.0565
-0.0565
-0.0565
-0.0565
-0.0502
-0.0502
-0.0502
-0.0502
-0.0439
-0.0439
-0.0439
-0.0439
-0.0376
-0.0376
-0.0376
-0.0376
-0.0376
-0.0376
-0.0314
-0.0314
-0.0314
-0.0314
-0.0251
-0.0251
-0.0251
-0.0251
-0.0188
-0.0188
-0.0188
-0.0188
-0.0125
-0.0125
-0.0125
-0.0125
-0.0125
-0.0063
-0.0063
-0.0063
-0.0063
-0.0063
-0.0063
0.0000
0.0000
0.0000
0.0000
0.0000
0.0000
0.0000
0.0000
0.0000
0.0000
0.0000
0.0000
0.0000
0.0000
0.0063
0.0063
0.0063
0.0063
0.0063
0.0063
0.0063
0.0063
0.0063
0.0063
0.0063
0.0063
0.0063
0.0063
0.0125
0.0125
0.0125
0.0063
0.0063
0.0063
0.0125
0.0125
0.0125
0.0125
0.0063
0.0063
0.0125
0.0063
0.0125
0.0125
0.0125
0.0063
0.0063
0.0063
0.0063
0.0063
0.0063
0.0063
0.0063
0.0000
0.0000
0.0000
0.0000
0.0000
0.0000
0.0000
0.0000
0.0000
0.0000
0.0000
0.0000
0.0000
0.0000
0.0000
-0.0063
-0.0063
-0.0063
-0.0063
-0.0125
-0.0125
-0.0125
-0.0125
-0.0125
-0.0125
-0.0188
-0.0188
-0.0188
-0.0188
-0.0251
-0.0251
-0.0251
-0.0251
-0.0251
-0.0314
-0.0314
-0.0314
-0.0314
-0.0376
-0.0376
-0.0376
-0.0376
-0.0376
-0.0376
-0.0439
-0.0439
-0.0439
-0.0439
-0.0502
-0.0439
-0.0502
-0.0502
-0.0502
-0.0502
-0.0565
-0.0565
-0.0565
-0.0565
-0.0565
-0.0565
-0.0627
-0.0627
-0.0627
-0.0627
-0.0690
-0.0690
-0.0690
-0.0690
-0.0690
-0.0690
-0.0690
-0.0753
-0.0753
-0.0753
-0.0753
-0.0753
-0.0753
-0.0753
-0.0753
-0.0816
-0.0816
-0.0816
-0.0816
-0.0816
-0.0816
-0.0816
-0.0878
-0.0878
-0.0878
-0.0878
-0.0878
-0.0878
-0.0878
-0.0878
-0.0878
-0.0878
-0.0941
-0.0941
-0.0941
-0.0941
-0.0878
-0.0941
-0.0878
-0.0878
-0.0878
-0.0878
-0.0878
-0.0878
-0.0878
-0.0878
-0.0878
-0.0878
-0.0878
-0.0878
-0.0878
-0.0878
-0.0878
-0.0878
-0.0878
-0.0878
-0.0878
-0.0878
-0.0878
-0.0878
-0.0816
-0.0816
-0.0816
-0.0816
-0.0816
-0.0816
-0.0816
-0.0816
-0.0753
-0.0753
-0.0753
-0.0753
-0.0753
-0.0753
-0.0753
-0.0690
-0.0690
-0.0690
-0.0690
-0.0690
-0.0690
-0.0627
-0.0627
-0.0627
-0.0627
-0.0627
-0.0627
-0.0565
-0.0565
-0.0565
-0.0565
-0.0565
-0.0565
-0.0565
-0.0565
-0.0502
-0.0502
-0.0502
-0.0502
-0.0502
-0.0502
-0.0502
-0.0502
-0.0439
-0.0439
-0.0439
-0.0439
-0.0439
-0.0439
-0.0439
-0.0376
-0.0376
-0.0376
-0.0376
-0.0376
-0.0376
-0.0376
-0.0314
-0.0314
-0.0314
-0.0314
-0.0314
-0.0314
-0.0314
-0.0314
-0.0314
-0.0251
-0.0251
-0.0251
-0.0251
-0.0251
-0.0251
-0.0251
-0.0251
-0.0251
-0.0251
-0.0251
-0.0251
-0.0188
-0.0251
-0.0188
-0.0251
-0.0188
-0.0251
-0.0251
-0.0251
-0.0188
-0.0188
-0.0188
-0.0188
-0.0188
-0.0188
-0.0188
-0.0188
-0.0188
-0.0251
-0.0251
-0.0251
-0.0188
-0.0251
-0.0251
-0.0251
-0.0251
-0.0251
-0.0251
-0.0251
-0.0251
-0.0251
-0.0251
-0.0251
-0.0251
-0.0314
-0.0251
-0.0251
-0.0314
-0.0314
-0.0314
-0.0314
-0.0314
-0.0314
-0.0314
-0.0314
-0.0376
-0.0376
-0.0376
-0.0376
-0.0376
-0.0376
-0.0376
-0.0439
-0.0439
-0.0439
-0.0439
-0.0439
-0.0439
-0.0439
-0.0439
-0.0439
-0.0439
-0.0439
-0.0502
-0.0502
-0.0502
-0.0502
-0.0502
-0.0502
-0.0502
-0.0565
-0.0565
-0.0565
-0.0565
-0.0565
-0.0565
-0.0565
-0.0565
-0.0565
-0.0565
-0.0565
-0.0627
-0.0627
-0.0627
-0.0627
-0.0627
-0.0627
-0.0627
-0.0627
-0.0627
-0.0690
-0.0690
-0.0690
-0.0690
-0.0690
-0.0690
-0.0690
-0.0690
-0.0690
-0.0753
-0.0753
-0.0690
-0.0690
-0.0753
-0.0753
-0.0753
-0.0753
-0.0753
-0.0753
-0.0753
-0.0753
-0.0753
-0.0753
-0.0753
-0.0753
-0.0753
-0.0753
-0.0753
-0.0753
-0.0753
-0.0753
-0.0753
-0.0753
-0.0753
-0.0753
-0.0753
-0.0753
-0.0753
-0.0753
-0.0753
-0.0753
-0.0690
-0.0690
-0.0690
-0.0690
-0.0690
-0.0690
-0.0690
-0.0690
-0.0690
-0.0627
-0.0627
-0.0627
-0.0627
-0.0627
-0.0565
-0.0565
-0.0565
-0.0565
-0.0565
-0.0565
-0.0565
-0.0502
-0.0502
-0.0502
-0.0502
-0.0502
-0.0502
-0.0502
-0.0439
-0.0439
-0.0439
-0.0439
-0.0376
-0.0376
-0.0314
-0.0314
-0.0314
-0.0314
-0.0314
-0.0251
-0.0251
-0.0251
-0.0188
-0.0188
-0.0125
-0.0125
-0.0063
-0.0063
0.0000
0.0000
0.0000
0.0000
0.0000
0.0000
0.0063
0.0125
0.0125
0.0188
0.0188
0.0251
0.0251
0.0251
0.0314
0.0314
0.0314
0.0376
0.0376
0.0439
0.0439
0.0502
0.0502
0.0565
0.0565
0.0627
0.0627
0.0627
0.0690
0.0753
0.0753
0.0816
0.0816
0.0878
0.0878
0.0941
0.1004
0.1004
0.1067
0.1067
0.1129
0.1129
0.1192
0.1255
0.1255
0.1318
0.1318
0.1380
0.1380
0.1443
0.1443
0.1506
0.1506
0.1569
0.1631
0.1631
0.1694
0.1757
0.1757
0.1820
0.1820
0.1882
0.1882
0.1945
0.2008
0.2008
0.2071
0.2071
0.2133
0.2133
0.2196
0.2196
0.2259
0.2259
0.2259
0.2322
0.2384
0.2384
0.2384
0.2447
0.2447
0.2510
0.2510
0.2573
0.2573
0.2635
0.2635
0.2698
0.2698
0.2698
0.2761
0.2761
0.2824
0.2824
0.2886
0.2886
0.2886
0.2949
0.2949
0.3012
0.3012
0.3012
0.3075
0.3075
0.3075
0.3075
0.3137
0.3137
0.3137
0.3200
0.3200
0.3200
0.3200
0.3200
0.3200
0.3200
0.3263
0.3263
0.3263
0.3263
0.3263
0.3263
0.3263
0.3263
0.3263
0.3263
0.3325
0.3263
0.3263
0.3263
0.3263
0.3263
0.3325
0.3263
0.3325
0.3263
0.3263
0.3263
0.3263
0.3263
0.3263
0.3263
0.3263
0.3263
0.3263
0.3263
0.3263
0.3263
0.3200
0.3200
0.3200
0.3200
0.3200
0.3137
0.3137
0.3137
0.3137
0.3137
0.3137
0.3075
0.3075
0.3075
0.3075
0.3012
0.3012
0.3012
0.2949
0.2949
0.2949
0.2949
0.2886
0.2886
0.2886
0.2824
0.2824
0.2824
0.2761
0.2761
0.2761
0.2698
0.2698
0.2635
0.2635
0.2635
0.2573
0.2573
0.2510
0.2510
0.2447
0.2447
0.2447
0.2384
0.2384
0.2384
0.2322
0.2322
0.2322
0.2259
0.2259
0.2196
0.2196
0.2196
0.2133
0.2133
0.2071
0.2071
0.2008
0.2008
0.2008
0.1945
0.1945
0.1945
0.1882
0.1882
0.1820
0.1820
0.1757
0.1757
0.1757
0.1694
0.1631
0.1631
0.1569
0.1569
0.1569
0.1506
0.1443
0.1443
0.1443
0.1380
0.1380
0.1318
0.1318
0.1318
0.1255
0.1255
0.1255
0.1192
0.1192
0.1129
0.1129
0.1067
0.1067
0.1067
0.1004
0.1004
0.0941
0.0878
0.0878
0.0816
0.0753
0.0753
0.0753
0.0690
0.0690
0.0627
0.0627
0.0565
0.0565
0.0502
0.0502
0.0439
0.0439
0.0376
0.0376
0.0314
0.0314
0.0251
0.0251
0.0188
0.0188
0.0125
0.0125
0.0063
0.0063
0.0000
0.0000
0.0000
-0.0063
-0.0063
-0.0125
-0.0125
-0.0188
-0.0188
-0.0251
-0.0251
-0.0314
-0.0376
-0.0376
-0.0439
-0.0439
-0.0502
-0.0502
-0.0565
-0.0565
-0.0627
-0.0690
-0.0690
-0.0753
-0.0753
-0.0816
-0.0816
-0.0878
-0.0878
-0.0941
-0.1004
-0.1067
-0.1067
-0.1129
-0.1129
-0.1192
-0.1192
-0.1255
-0.1318
-0.1318
-0.1380
-0.1380
-0.1443
-0.1443
-0.1506
-0.1506
-0.1569
-0.1569
-0.1631
-0.1631
-0.1694
-0.1694
-0.1757
-0.1820
-0.1820
-0.1882
-0.1882
-0.1945
-0.2008
-0.2008
-0.2071
-0.2071
-0.2133
-0.2133
-0.2196
-0.2196
-0.2259
-0.2259
-0.2322
-0.2322
-0.2384
-0.2384
-0.2384
-0.2447
-0.2447
-0.2447
-0.2510
-0.2510
-0.2573
-0.2573
-0.2635
-0.2635
-0.2635
-0.2698
-0.2698
-0.2698
-0.2761
-0.2761
-0.2761
-0.2824
-0.2824
-0.2886
-0.2886
-0.2886
-0.2949
-0.2949
-0.3012
-0.3012
-0.3012
-0.3012
-0.3012
-0.3012
-0.3075
-0.3075
-0.3075
-0.3075
-0.3075
-0.3137
-0.3137
-0.3137
-0.3137
-0.3137
-0.3200
-0.3200
-0.3200
-0.3200
-0.3200
-0.3200
-0.3200
-0.3200
-0.3263
-0.3263
-0.3200
-0.3263
-0.3263
-0.3263
-0.3263
-0.3263
-0.3263
-0.3263
-0.3263
-0.3200
-0.3200
-0.3200
-0.3200
-0.3200
-0.3200
-0.3200
-0.3200
-0.3200
-0.3200
-0.3200
-0.3200
-0.3200
-0.3200
-0.3137
-0.3137
-0.3137
-0.3137
-0.3137
-0.3137
-0.3075
-0.3075
-0.3075
-0.3075
-0.3075
-0.3012
-0.3012
-0.3012
-0.3012
-0.3012
-0.2949
-0.2949
-0.2886
-0.2886
-0.2886
-0.2886
-0.2824
-0.2824
-0.2824
-0.2824
-0.2761
-0.2761
-0.2761
-0.2698
-0.2698
-0.2698
-0.2635
-0.2635
-0.2573
-0.2573
-0.2573
-0.2573
-0.2510
-0.2510
-0.2447
-0.2447
-0.2447
-0.2447
-0.2384
-0.2384
-0.2384
-0.2322
-0.2322
-0.2259
-0.2259
-0.2259
-0.2196
-0.2196
-0.2133
-0.2133
-0.2133
-0.2071
-0.2071
-0.2008
-0.1945
-0.1945
-0.1945
-0.1882
-0.1882
-0.1820
-0.1820
-0.1757
-0.1757
-0.1694
-0.1694
-0.1631
-0.1631
-0.1569
-0.1569
-0.1569
-0.1506
-0.1506
-0.1506
-0.1443
-0.1443
-0.1380
-0.1380
-0.1318
-0.1318
-0.1255
-0.1255
-0.1192
-0.1192
-0.1129
-0.1067
-0.1067
-0.1004
-0.1004
-0.0941
-0.0941
-0.0878
-0.0878
-0.0878
-0.0816
-0.0753
-0.0753
-0.0690
-0.0690
-0.0690
-0.0627
-0.0627
-0.0565
-0.0565
-0.0565
-0.0502
-0.0502
-0.0439
-0.0439
-0.0376
-0.0376
-0.0314
-0.0314
-0.0251
-0.0251
-0.0251
-0.0188
-0.0125
-0.0125
-0.0125
-0.0063
-0.0063
0.0000
0.0000
0.0000
0.0000
0.0000
0.0063
0.0063
0.0125
0.0125
0.0188
0.0188
0.0188
0.0251
0.0251
0.0251
0.0314
0.0314
0.0314
0.0376
0.0376
0.0376
0.0376
0.0439
0.0439
0.0439
0.0502
0.0502
0.0502
0.0565
0.0565
0.0565
0.0565
0.0627
0.0627
0.0627
0.0690
0.0627
0.0690
0.0690
0.0690
0.0690
0.0753
0.0753
0.0753
0.0753
0.0816
0.0816
0.0816
0.0816
0.0816
0.0816
0.0878
0.0878
0.0878
0.0878
0.0878
0.0878
0.0878
0.0878
0.0941
0.0941
0.0941
0.0941
0.0941
0.0941
0.0941
0.0941
0.0941
0.0941
0.1004
0.1004
0.1004
0.1004
0.1004
0.1004
0.1004
0.1004
0.1004
0.1004
0.1004
0.1004
0.1004
0.1004
0.1004
0.1004
0.1004
0.1004
0.1004
0.1004
0.1004
0.1004
0.1004
0.1004
0.1004
0.1004
0.1004
0.1004
0.1004
0.1004
0.1004
0.0941
0.0941
0.0941
0.0941
0.0941
0.0941
0.0941
0.0941
0.0941
0.0941
0.0941
0.0941
0.0941
0.0941
0.0941
0.0878
0.0878
0.0878
0.0878
0.0878
0.0878
0.0878
0.0878
0.0878
0.0816
0.0816
0.0816
0.0816
0.0816
0.0816
0.0816
0.0816
0.0753
0.0753
0.0753
0.0753
0.0753
0.0753
0.0690
0.0690
0.0690
0.0690
0.0690
0.0690
0.0690
0.0690
0.0690
0.0690
0.0690
0.0627
0.0627
0.0627
0.0627
0.0627
0.0627
0.0627
0.0627
0.0627
0.0565
0.0565
0.0565
0.0565
0.0565
0.0565
0.0565
0.0565
0.0565
0.0565
0.0565
0.0502
0.0565
0.0565
0.0502
0.0502
0.0502
0.0502
0.0502
0.0502
0.0502
0.0502
0.0502
0.0502
0.0502
0.0439
0.0502
0.0502
0.0439
0.0502
0.0439
0.0502
0.0439
0.0439
0.0439
0.0439
0.0439
0.0439
0.0439
0.0376
0.0439
0.0439
0.0376
0.0439
0.0376
0.0376
0.0376
0.0376
0.0376
0.0376
0.0376
0.0376
0.0376
0.0376
0.0376
0.0376
0.0376
0.0376
0.0376
0.0376
0.0376
0.0376
0.0376
0.0376
0.0314
0.0314
0.0314
0.0314
0.0314
0.0314
0.0314
0.0314
0.0314
0.0314
0.0314
0.0314
0.0314
0.0314
0.0314
0.0314
0.0314
0.0314
0.0314
0.0251
0.0251
0.0251
0.0251
0.0251
0.0251
0.0251
0.0251
0.0251
0.0251
0.0251
0.0251
0.0251
0.0251
0.0251
0.0251
0.0251
0.0251
0.0251
0.0251
0.0251
0.0251
0.0251
0.0251
0.0251
0.0251
0.0251
0.0251
0.0251
0.0188
0.0251
0.0251
0.0251
0.0251
0.0251
0.0251
0.0251
0.0251
0.0251
0.0251
0.0251
0.0251
0.0188
0.0251
0.0251
0.0251
0.0251
0.0251
0.0251
0.0251
0.0251
0.0251
0.0251
0.0251
0.0251
0.0251
0.0251
0.0251
0.0251
0.0251
0.0251
0.0251
0.0251
0.0251
0.0251
0.0251
0.0251
0.0251
0.0251
0.0251
0.0314
0.0251
0.0314
0.0314
0.0314
0.0314
0.0314
0.0314
0.0314
0.0314
0.0314
0.0376
0.0376
0.0376
0.0376
0.0376
0.0376
0.0376
0.0376
0.0376
0.0376
0.0376
0.0439
0.0439
0.0439
0.0439
0.0439
0.0439
0.0439
0.0439
0.0439
0.0439
0.0502
0.0502
0.0502
0.0502
0.0502
0.0502
0.0502
0.0502
0.0565
0.0565
0.0565
0.0565
0.0565
0.0565
0.0565
0.0565
0.0565
0.0565
0.0627
0.0627
0.0627
0.0627
0.0627
0.0627
0.0627
0.0627
0.0627
0.0627
0.0690
0.0690
0.0690
0.0690
0.0690
0.0690
0.0753
0.0753
0.0753
0.0753
0.0753
0.0753
0.0753
0.0753
0.0816
0.0816
0.0816
0.0816
0.0816
0.0816
0.0878
0.0878
0.0878
0.0878
0.0878
0.0878
0.0941
0.0941
0.0941
0.0941
0.0941
0.0941
0.0941
0.1004
0.1004
0.1004
0.1004
0.1004
0.1004
0.1067
0.1067
0.1067
0.1067
0.1067
0.1067
0.1067
0.1129
0.1129
0.1129
0.1129
0.1129
0.1129
0.1129
0.1129
0.1129
0.1192
0.1192
0.1192
0.1192
0.1192
0.1192
0.1192
0.1192
0.1192
0.1192
0.1255
0.1192
0.1255
0.1255
0.1255
0.1255
0.1255
0.1255
0.1255
0.1255
0.1255
0.1255
0.1255
0.1255
0.1318
0.1318
0.1318
0.1318
0.1318
0.1318
0.1318
0.1318
0.1318
0.1318
0.1318
0.1318
0.1318
0.1380
0.1318
0.1318
0.1318
0.1318
0.1318
0.1318
0.1318
0.1380
0.1380
0.1380
0.1318
0.1380
0.1380
0.1380
0.1380
0.1380
0.1380
0.1380
0.1380
0.1380
0.1380
0.1380
0.1380
0.1380
0.1380
0.1380
0.1318
0.1318
0.1318
0.1318
0.1318
0.1318
0.1318
0.1318
0.1318
0.1318
0.1318
0.1318
0.1318
0.1318
0.1318
0.1318
0.1255
0.1255
0.1255
0.1255
0.1255
0.1255
0.1255
0.1192
0.1192
0.1192
0.1192
0.1192
0.1192
0.1192
0.1129
0.1129
0.1129
0.1129
0.1129
0.1067
0.1067
0.1067
0.1004
0.1004
0.1004
0.1004
0.1004
0.1004
0.0941
0.0941
0.0941
0.0941
0.0878
0.0878
0.0878
0.0878
0.0816
0.0816
0.0753
0.0753
0.0753
0.0753
0.0690
0.0690
0.0627
0.0627
0.0627
0.0627
0.0565
0.0565
0.0565
0.0502
0.0502
0.0502
0.0502
0.0439
0.0439
0.0439
0.0376
0.0376
0.0376
0.0376
0.0314
0.0314
0.0314
0.0251
0.0251
0.0251
0.0251
0.0188
0.0188
0.0125
0.0125
0.0125
0.0125
0.0063
0.0063
0.0000
0.0000
0.0000
0.0000
0.0000
0.0000
-0.0063
-0.0063
-0.0063
-0.0125
-0.0125
-0.0188
-0.0188
-0.0251
-0.0251
-0.0251
-0.0251
-0.0314
-0.0314
-0.0376
-0.0376
-0.0376
-0.0376
-0.0439
-0.0439
-0.0439
-0.0439
-0.0439
-0.0439
-0.0502
-0.0502
-0.0502
-0.0565
-0.0565
-0.0565
-0.0565
-0.0627
-0.0627
-0.0627
-0.0627
-0.0627
-0.0690
-0.0690
-0.0690
-0.0690
-0.0690
-0.0753
-0.0753
-0.0753
-0.0753
-0.0816
-0.0816
-0.0816
-0.0816
-0.0878
-0.0878
-0.0878
-0.0878
-0.0878
-0.0878
-0.0878
-0.0941
-0.0941
-0.0941
-0.0941
-0.0941
-0.0941
-0.1004
-0.1004
-0.1004
-0.1004
-0.1067
-0.1067
-0.1067
-0.1067
-0.1067
-0.1067
-0.1067
-0.1067
-0.1067
-0.1067
-0.1129
-0.1129
-0.1129
-0.1129
-0.1129
-0.1129
-0.1129
-0.1129
-0.1129
-0.1129
-0.1129
-0.1129
-0.1129
-0.1192
-0.1192
-0.1192
-0.1192
-0.1192
-0.1192
-0.1192
-0.1192
-0.1192
-0.1192
-0.1192
-0.1192
-0.1192
-0.1192
-0.1192
-0.1192
-0.1192
-0.1255
-0.1255
-0.1255
-0.1255
-0.1255
-0.1255
-0.1255
-0.1255
-0.1255
-0.1255
-0.1255
-0.1255
-0.1255
-0.1255
-0.1255
-0.1318
-0.1318
-0.1318
-0.1318
-0.1318
-0.1318
-0.1318
-0.1318
-0.1318
-0.1318
-0.1318
-0.1318
-0.1318
-0.1318
-0.1318
-0.1318
-0.1318
-0.1318
-0.1318
-0.1318
-0.1318
-0.1318
-0.1318
-0.1318
-0.1318
-0.1318
-0.1318
-0.1318
-0.1318
-0.1318
-0.1318
-0.1318
-0.1318
-0.1318
-0.1318
-0.1318
-0.1318
-0.1318
-0.1318
-0.1318
-0.1318
-0.1318
-0.1318
-0.1318
-0.1318
-0.1318
-0.1318
-0.1318
-0.1318
-0.1318
-0.1318
-0.1318
-0.1318
-0.1318
-0.1318
-0.1318
-0.1318
-0.1318
-0.1255
-0.1318
-0.1318
-0.1255
-0.1255
-0.1255
-0.1255
-0.1255
-0.1255
-0.1255
-0.1255
-0.1255
-0.1255
-0.1255
-0.1192
-0.1192
-0.1192
-0.1192
-0.1192
-0.1192
-0.1192
-0.1192
-0.1192
-0.1192
-0.1129
-0.1129
-0.1129
-0.1129
-0.1129
-0.1129
-0.1129
-0.1129
-0.1067
-0.1067
-0.1067
-0.1067
-0.1004
-0.1004
-0.1004
-0.1004
-0.1004
-0.0941
-0.0941
-0.0941
-0.0941
-0.0941
-0.0941
-0.0941
-0.0941
-0.0878
-0.0878
-0.0878
-0.0878
-0.0816
-0.0816
-0.0816
-0.0816
-0.0816
-0.0753
-0.0753
-0.0753
-0.0690
-0.0690
-0.0690
-0.0690
-0.0627
-0.0627
-0.0627
-0.0627
-0.0627
-0.0627
-0.0565
-0.0565
-0.0565
-0.0502
-0.0502
-0.0502
-0.0502
-0.0502
-0.0439
-0.0439
-0.0439
-0.0439
-0.0439
-0.0376
-0.0376
-0.0376
-0.0314
-0.0314
-0.0314
-0.0251
-0.0251
-0.0251
-0.0251
-0.0188
-0.0188
-0.0188
-0.0125
-0.0125
-0.0063
-0.0063
-0.0063
0.0000
0.0000
0.0000
0.0000
0.0000
0.0000
0.0000
0.0063
0.0063
0.0125
0.0125
0.0188
0.0188
0.0188
0.0251
0.0251
0.0251
0.0251
0.0314
0.0314
0.0314
0.0376
0.0376
0.0439
0.0439
0.0439
0.0502
0.0502
0.0502
0.0565
0.0565
0.0565
0.0627
0.0627
0.0690
0.0690
0.0753
0.0753
0.0753
0.0816
0.0816
0.0878
0.0878
0.0941
0.0941
0.0941
0.1004
0.1004
0.1067
0.1067
0.1129
0.1129
0.1192
0.1192
0.1192
0.1255
0.1255
0.1255
0.1318
0.1318
0.1380
0.1380
0.1443
0.1443
0.1443
0.1506
0.1506
0.1569
0.1569
0.1631
0.1631
0.1631
0.1694
0.1694
0.1757
0.1757
0.1820
0.1820
0.1820
0.1882
0.1882
0.1945
0.1945
0.2008
0.2008
0.2071
0.2071
0.2071
0.2133
0.2133
0.2133
0.2196
0.2196
0.2196
0.2196
0.2259
0.2259
0.2259
0.2322
0.2322
0.2322
0.2384
0.2384
0.2384
0.2447
0.2447
0.2447
0.2447
0.2510
0.2510
0.2510
0.2510
0.2510
0.2573
0.2573
0.2573
0.2573
0.2635
0.2635
0.2635
0.2635
0.2635
0.2698
0.2698
0.2698
0.2698
0.2761
0.2761
0.2761
0.2761
0.2761
0.2761
0.2761
0.2761
0.2761
0.2761
0.2761
0.2824
0.2824
0.2824
0.2761
0.2761
0.2761
0.2761
0.2761
0.2761
0.2824
0.2761
0.2761
0.2761
0.2761
0.2761
0.2761
0.2761
0.2761
0.2761
0.2761
0.2761
0.2761
0.2698
0.2698
0.2698
0.2698
0.2698
0.2635
0.2635
0.2635
0.2635
0.2635
0.2635
0.2573
0.2573
0.2573
0.2573
0.2573
0.2510
0.2510
0.2510
0.2510
0.2510
0.2447
0.2447
0.2447
0.2447
0.2447
0.2384
0.2384
0.2384
0.2384
0.2322
0.2322
0.2322
0.2322
0.2259
0.2259
0.2259
0.2259
0.2259
0.2196
0.2196
0.2196
0.2196
0.2133
0.2133
0.2133
0.2133
0.2071
0.2071
0.2071
0.2071
0.2008
0.2008
0.2008
0.2008
0.1945
0.1945
0.1945
0.1945
0.1882
0.1882
0.1882
0.1882
0.1820
0.1820
0.1820
0.1820
0.1757
0.1757
0.1757
0.1757
0.1694
0.1694
0.1694
0.1694
0.1631
0.1631
0.1631
0.1569
0.1569
0.1569
0.1569
0.1569
0.1569
0.1506
0.1506
0.1506
0.1506
0.1506
0.1443
0.1443
0.1443
0.1380
0.1380
0.1380
0.1380
0.1380
0.1380
0.1380
0.1318
0.1318
0.1318
0.1318
0.1318
0.1318
0.1318
0.1255
0.1255
0.1255
0.1255
0.1255
0.1255
0.1255
0.1192
0.1192
0.1192
0.1192
0.1192
0.1192
0.1192
0.1129
0.1129
0.1129
0.1129
0.1129
0.1067
0.1067
0.1067
0.1067
0.1067
0.1067
0.1067
0.1004
0.1004
0.1004
0.1004
0.1004
0.1004
0.0941
0.0941
0.0941
0.0941
0.0941
0.0941
0.0878
0.0878
0.0878
0.0816
0.0816
0.0816
0.0753
0.0753
0.0753
0.0753
0.0690
0.0690
0.0690
0.0690
0.0690
0.0627
0.0627
0.0627
0.0565
0.0565
0.0565
0.0565
0.0502
0.0502
0.0502
0.0502
0.0502
0.0439
0.0439
0.0439
0.0376
0.0376
0.0376
0.0376
0.0314
0.0314
0.0314
0.0251
0.0251
0.0251
0.0188
0.0188
0.0188
0.0125
0.0125
0.0125
0.0063
0.0063
0.0063
0.0000
0.0000
0.0000
0.0000
0.0000
-0.0063
-0.0063
-0.0125
-0.0125
-0.0188
-0.0188
-0.0251
-0.0251
-0.0251
-0.0314
-0.0314
-0.0376
-0.0376
-0.0376
-0.0439
-0.0439
-0.0439
-0.0502
-0.0502
-0.0502
-0.0565
-0.0565
-0.0565
-0.0627
-0.0627
-0.0690
-0.0690
-0.0690
-0.0753
-0.0753
-0.0753
-0.0816
-0.0816
-0.0816
-0.0878
-0.0878
-0.0941
-0.0941
-0.1004
-0.1004
-0.1067
-0.1067
-0.1129
-0.1129
-0.1129
-0.1129
-0.1192
-0.1192
-0.1255
-0.1255
-0.1318
-0.1318
-0.1318
-0.1380
-0.1380
-0.1380
-0.1380
-0.1443
-0.1443
-0.1443
-0.1443
-0.1506
-0.1506
-0.1506
-0.1506
-0.1569
-0.1569
-0.1569
-0.1631
-0.1631
-0.1631
-0.1694
-0.1694
-0.1694
-0.1694
-0.1757
-0.1757
-0.1757
-0.1757
-0.1757
-0.1820
-0.1820
-0.1820
-0.1820
-0.1820
-0.1882
-0.1882
-0.1882
-0.1945
-0.1945
-0.1945
-0.1945
-0.1945
-0.1945
-0.2008
-0.2008
-0.2008
-0.2008
-0.2008
-0.2071
-0.2071
-0.2071
-0.2071
-0.2071
-0.2133
-0.2133
-0.2133
-0.2133
-0.2133
-0.2133
-0.2133
-0.2133
-0.2196
-0.2133
-0.2133
-0.2196
-0.2196
-0.2196
-0.2196
-0.2196
-0.2196
-0.2196
-0.2196
-0.2196
-0.2259
-0.2259
-0.2259
-0.2259
-0.2259
-0.2259
-0.2259
-0.2259
-0.2259
-0.2259
-0.2259
-0.2259
-0.2259
-0.2259
-0.2259
-0.2259
-0.2322
-0.2322
-0.2322
-0.2322
-0.2322
-0.2322
-0.2322
-0.2322
-0.2322
-0.2322
-0.2322
-0.2384
-0.2322
-0.2322
-0.2384
-0.2384
-0.2384
-0.2384
-0.2384
-0.2384
-0.2384
-0.2384
-0.2384
-0.2384
-0.2384
-0.2384
-0.2384
-0.2384
-0.2447
-0.2384
-0.2384
-0.2384
-0.2447
-0.2447
-0.2447
-0.2447
-0.2447
-0.2447
-0.2447
-0.2447
-0.2447
-0.2447
-0.2447
-0.2447
-0.2447
-0.2447
-0.2447
-0.2447
-0.2447
-0.2447
-0.2510
-0.2510
-0.2510
-0.2510
-0.2510
-0.2510
-0.2510
-0.2510
-0.2510
-0.2510
-0.2510
-0.2510
-0.2510
-0.2510
-0.2510
-0.2510
-0.2510
-0.2573
-0.2573
-0.2573
-0.2573
-0.2573
-0.2573
-0.2573
-0.2573
-0.2573
-0.2573
-0.2573
-0.2573
-0.2573
-0.2573
-0.2573
-0.2573
-0.2573
-0.2573
-0.2573
-0.2635
-0.2573
-0.2635
-0.2635
-0.2635
-0.2635
-0.2635
-0.2635
-0.2635
-0.2635
-0.2635
-0.2635
-0.2635
-0.2635
-0.2635
-0.2635
-0.2635
-0.2635
-0.2635
-0.2635
-0.2635
-0.2635
-0.2635
-0.2635
-0.2635
-0.2635
-0.2635
-0.2635
-0.2635
-0.2635
-0.2635
-0.2635
-0.2635
-0.2635
-0.2573
-0.2573
-0.2573
-0.2573
-0.2635
-0.2573
-0.2573
-0.2573
-0.2573
-0.2573
-0.2573
-0.2573
-0.2573
-0.2573
-0.2573
-0.2573
-0.2573
-0.2573
-0.2573
-0.2573
-0.2510
-0.2510
-0.2510
-0.2510
-0.2510
-0.2510
-0.2510
-0.2510
-0.2510
-0.2510
-0.2447
-0.2447
-0.2447
-0.2447
-0.2447
-0.2447
-0.2447
-0.2447
-0.2447
-0.2384
-0.2384
-0.2384
-0.2384
-0.2384
-0.2384
-0.2384
-0.2322
-0.2322
-0.2322
-0.2322
-0.2322
-0.2322
-0.2322
-0.2322
-0.2259
-0.2259
-0.2259
-0.2259
-0.2259
-0.2196
-0.2196
-0.2196
-0.2196
-0.2196
-0.2196
-0.2133
-0.2133
-0.2133
-0.2133
-0.2071
-0.2071
-0.2071
-0.2071
-0.2071
-0.2071
-0.2008
-0.2008
-0.2008
-0.2008
-0.1945
-0.1945
-0.1945
-0.1945
-0.1882
-0.1882
-0.1882
-0.1882
-0.1820
-0.1820
-0.1820
-0.1820
-0.1820
-0.1820
-0.1757
-0.1757
-0.1757
-0.1757
-0.1694
-0.1694
-0.1631
-0.1631
-0.1631
-0.1631
-0.1631
-0.1569
-0.1569
-0.1569
-0.1569
-0.1569
-0.1569
-0.1506
-0.1506
-0.1506
-0.1506
-0.1506
-0.1443
-0.1443
-0.1443
-0.1443
-0.1443
-0.1443
-0.1443
-0.1443
-0.1380
-0.1380
-0.1380
-0.1318
-0.1318
-0.1318
-0.1318
-0.1318
-0.1255
-0.1318
-0.1255
-0.1255
-0.1192
-0.1192
-0.1192
-0.1192
-0.1192
-0.1192
-0.1129
-0.1129
-0.1129
-0.1129
-0.1129
-0.1129
-0.1067
-0.1067
-0.1067
-0.1067
-0.1004
-0.1004
-0.1004
-0.1004
-0.1004
-0.1004
-0.0941
-0.0941
-0.0941
-0.0941
-0.0941
-0.0941
-0.0878
-0.0878
-0.0878
-0.0878
-0.0878
-0.0878
-0.0878
-0.0878
-0.0878
-0.0816
-0.0816
-0.0816
-0.0816
-0.0816
-0.0753
-0.0753
-0.0753
-0.0753
-0.0753
-0.0753
-0.0753
-0.0753
-0.0753
-0.0753
-0.0690
-0.0690
-0.0690
-0.0690
-0.0690
-0.0690
-0.0690
-0.0627
-0.0627
-0.0627
-0.0627
-0.0627
-0.0627
-0.0627
-0.0627
-0.0627
-0.0627
-0.0627
-0.0627
-0.0565
-0.0565
-0.0565
-0.0565
-0.0565
-0.0565
-0.0565
-0.0565
-0.0565
-0.0565
-0.0565
-0.0565
-0.0565
-0.0565
-0.0565
-0.0502
-0.0502
-0.0502
-0.0502
-0.0502
-0.0502
-0.0502
-0.0502
-0.0502
-0.0502
-0.0502
-0.0502
-0.0502
-0.0502
-0.0502
-0.0502
-0.0439
-0.0502
-0.0502
-0.0502
-0.0502
-0.0502
-0.0439
-0.0439
-0.0439
-0.0439
-0.0439
-0.0439
-0.0439
-0.0439
-0.0439
-0.0439
-0.0439
-0.0439
-0.0439
-0.0439
-0.0439
-0.0439
-0.0439
-0.0439
-0.0439
-0.0439
-0.0439
-0.0439
-0.0439
-0.0439
-0.0376
-0.0439
-0.0439
-0.0439
-0.0439
-0.0376
-0.0376
-0.0376
-0.0376
-0.0376
-0.0376
-0.0376
-0.0376
-0.0439
-0.0439
-0.0376
-0.0376
-0.0376
-0.0439
-0.0376
-0.0376
-0.0376
-0.0376
-0.0376
-0.0439
-0.0439
-0.0376
-0.0439
-0.0376
-0.0439
-0.0439
-0.0439
-0.0439
-0.0439
-0.0439
-0.0439
-0.0439
-0.0439
-0.0439
-0.0439
-0.0439
-0.0439
-0.0439
-0.0439
-0.0439
-0.0439
-0.0439
-0.0439
-0.0439
-0.0439
-0.0439
-0.0439
-0.0439
-0.0439
-0.0439
-0.0439
-0.0439
-0.0439
-0.0439
-0.0439
-0.0439
-0.0502
-0.0502
-0.0502
-0.0502
-0.0502
-0.0502
-0.0502
-0.0502
-0.0502
-0.0502
-0.0502
-0.0502
-0.0502
-0.0502
-0.0502
-0.0565
-0.0502
-0.0502
-0.0565
-0.0502
-0.0565
-0.0565
-0.0565
-0.0565
-0.0565
-0.0565
-0.0565
-0.0565
-0.0565
-0.0565
-0.0565
-0.0565
-0.0565
-0.0565
-0.0565
-0.0627
-0.0565
-0.0627
-0.0627
-0.0627
-0.0627
-0.0627
-0.0627
-0.0627
-0.0627
-0.0627
-0.0627
-0.0627
-0.0627
-0.0627
-0.0627
-0.0627
-0.0690
-0.0627
-0.0627
-0.0627
-0.0627
-0.0627
-0.0690
-0.0690
-0.0690
-0.0690
-0.0690
-0.0690
-0.0690
-0.0690
-0.0690
-0.0690
-0.0690
-0.0690
-0.0690
-0.0690
-0.0690
-0.0690
-0.0690
-0.0753
-0.0753
-0.0753
-0.0753
-0.0753
-0.0753
-0.0753
-0.0753
-0.0753
-0.0753
-0.0753
-0.0753
-0.0753
-0.0753
-0.0753
-0.0753
-0.0753
-0.0753
-0.0753
-0.0753
-0.0753
-0.0753
-0.0753
-0.0753
-0.0753
-0.0753
-0.0753
-0.0816
-0.0816
-0.0816
-0.0816
-0.0816
-0.0816
-0.0816
-0.0753
-0.0816
-0.0816
-0.0816
-0.0816
-0.0753
-0.0816
-0.0816
-0.0816
-0.0816
-0.0816
-0.0816
-0.0816
-0.0816
-0.0816
-0.0816
-0.0816
-0.0816
-0.0816
-0.0816
-0.0816
-0.0816
-0.0816
-0.0816
-0.0816
-0.0816
-0.0816
-0.0816
-0.0816
-0.0816
-0.0816
-0.0816
-0.0816
-0.0816
-0.0816
-0.0816
-0.0816
-0.0816
-0.0816
-0.0816
-0.0816
-0.0816
-0.0753
-0.0753
-0.0753
-0.0753
-0.0753
-0.0753
-0.0753
-0.0753
-0.0753
-0.0753
-0.0753
-0.0753
-0.0753
-0.0690
-0.0690
-0.0690
-0.0690
-0.0690
-0.0690
-0.0690
-0.0690
-0.0690
-0.0627
-0.0627
-0.0627
-0.0627
-0.0627
-0.0627
-0.0627
-0.0627
-0.0627
-0.0627
-0.0627
-0.0565
-0.0565
-0.0565
-0.0565
-0.0565
-0.0565
-0.0502
-0.0502
-0.0502
-0.0502
-0.0502
-0.0502
-0.0439
-0.0439
-0.0439
-0.0439
-0.0439
-0.0439
-0.0439
-0.0376
-0.0376
-0.0376
-0.0376
-0.0376
-0.0314
-0.0314
-0.0314
-0.0314
-0.0314
-0.0251
-0.0251
-0.0251
-0.0251
-0.0188
-0.0188
-0.0188
-0.0188
-0.0125
-0.0125
-0.0125
-0.0125
-0.0125
-0.0125
-0.0063
-0.0063
0.0000
0.0000
0.0000
0.0000
0.0000
0.0000
0.0000
0.0000
0.0000
0.0000
0.0000
0.0063
0.0063
0.0063
0.0063
0.0063
0.0063
0.0063
0.0125
0.0125
0.0125
0.0125
0.0125
0.0125
0.0188
0.0188
0.0188
0.0188
0.0188
0.0188
0.0251
0.0251
0.0251
0.0251
0.0251
0.0251
0.0251
0.0251
0.0251
0.0251
0.0251
0.0314
0.0314
0.0314
0.0314
0.0314
0.0314
0.0314
0.0314
0.0314
0.0314
0.0314
0.0314
0.0314
0.0314
0.0314
0.0314
0.0314
0.0314
0.0314
0.0376
0.0314
0.0314
0.0314
0.0314
0.0314
0.0314
0.0314
0.0314
0.0314
0.0314
0.0314
0.0314
0.0314
0.0314
0.0314
0.0314
0.0314
0.0314
0.0314
0.0314
0.0314
0.0314
0.0314
0.0314
0.0314
0.0314
0.0314
0.0314
0.0314
0.0251
0.0314
0.0251
0.0251
0.0251
0.0251
0.0251
0.0251
0.0251
0.0251
0.0251
0.0251
0.0188
0.0188
0.0188
0.0188
0.0188
0.0188
0.0188
0.0188
0.0188
0.0188
0.0188
0.0125
0.0125
0.0125
0.0125
0.0125
0.0125
0.0125
0.0125
0.0125
0.0125
0.0125
0.0063
0.0063
0.0063
0.0063
0.0063
0.0063
0.0063
0.0063
0.0063
0.0063
0.0063
0.0000
0.0000
0.0000
0.0000
0.0000
0.0000
0.0000
0.0000
0.0000
0.0000
0.0000
0.0000
0.0000
0.0000
0.0000
0.0000
0.0000
0.0000
-0.0063
-0.0063
-0.0063
-0.0063
-0.0063
-0.0063
-0.0063
-0.0063
-0.0063
-0.0125
-0.0125
-0.0125
-0.0125
-0.0125
-0.0125
-0.0125
-0.0125
-0.0125
-0.0188
-0.0188
-0.0188
-0.0188
-0.0188
-0.0188
-0.0188
-0.0188
-0.0188
-0.0188
-0.0188
-0.0188
-0.0188
-0.0188
-0.0188
-0.0188
-0.0251
-0.0251
-0.0251
-0.0251
-0.0251
-0.0251
-0.0251
-0.0251
-0.0251
-0.0251
-0.0251
-0.0251
-0.0251
-0.0251
-0.0251
-0.0251
-0.0251
-0.0251
-0.0251
-0.0251
-0.0251
-0.0188
-0.0251
-0.0188
-0.0188
-0.0188
-0.0251
-0.0251
-0.0251
-0.0188
-0.0188
-0.0188
-0.0188
-0.0188
-0.0188
-0.0188
-0.0188
-0.0188
-0.0188
-0.0188
-0.0125
-0.0125
-0.0125
-0.0125
-0.0125
-0.0125
-0.0125
-0.0125
-0.0063
-0.0125
-0.0063
-0.0063
-0.0063
-0.0063
-0.0063
-0.0063
-0.0063
0.0000
0.0000
0.0000
0.0000
0.0000
0.0000
0.0000
0.0000
0.0000
0.0000
0.0000
0.0000
0.0063
0.0063
0.0063
0.0063
0.0063
0.0063
0.0063
0.0125
0.0125
0.0125
0.0125
0.0125
0.0125
0.0125
0.0125
0.0188
0.0188
0.0188
0.0188
0.0188
0.0188
0.0251
0.0251
0.0251
0.0251
0.0251
0.0251
0.0314
0.0314
0.0314
0.0314
0.0314
0.0314
0.0314
0.0314
0.0314
0.0314
0.0376
0.0376
0.0376
0.0376
0.0376
0.0376
0.0376
0.0376
0.0439
0.0439
0.0439
0.0439
0.0439
0.0439
0.0439
0.0439
0.0439
0.0439
0.0439
0.0439
0.0439
0.0502
0.0502
0.0502
0.0502
0.0502
0.0502
0.0502
0.0502
0.0502
0.0502
0.0502
0.0502
0.0565
0.0502
0.0565
0.0565
0.0565
0.0565
0.0565
0.0565
0.0565
0.0565
0.0565
0.0565
0.0565
0.0565
0.0565
0.0565
0.0565
0.0565
0.0565
0.0565
0.0565
0.0565
0.0565
0.0565
0.0565
0.0565
0.0565
0.0565
0.0565
0.0565
0.0565
0.0565
0.0565
0.0565
0.0627
0.0565
0.0627
0.0627
0.0627
0.0627
0.0627
0.0627
0.0627
0.0627
0.0627
0.0627
0.0627
0.0627
0.0627
0.0627
0.0627
0.0627
0.0627
0.0627
0.0627
0.0627
0.0627
0.0627
0.0627
0.0627
0.0627
0.0627
0.0627
0.0627
0.0627
0.0627
0.0690
0.0690
0.0690
0.0627
0.0690
0.0627
0.0690
0.0690
0.0690
0.0690
0.0690
0.0690
0.0690
0.0690
0.0690
0.0690
0.0690
0.0690
0.0690
0.0753
0.0753
0.0753
0.0753
0.0753
0.0753
0.0753
0.0753
0.0753
0.0753
0.0753
0.0753
0.0816
0.0816
0.0816
0.0816
0.0816
0.0816
0.0816
0.0816
0.0816
0.0816
0.0878
0.0878
0.0878
0.0878
0.0878
0.0878
0.0878
0.0878
0.0878
0.0878
0.0878
0.0878
0.0941
0.0878
0.0941
0.0941
0.0941
0.0941
0.0941
0.0941
0.0941
0.0941
0.0941
0.0941
0.1004
0.1004
0.1004
0.1004
0.1004
0.1004
0.1004
0.1004
0.1004
0.1004
0.1004
0.1004
0.1067
0.1004
0.1004
0.1004
0.1067
0.1067
0.1067
0.1067
0.1067
0.1067
0.1067
0.1067
0.1067
0.1067
0.1067
0.1067
0.1067
0.1067
0.1067
0.1067
0.1067
0.1067
0.1067
0.1067
0.1067
0.1067
0.1067
0.1067
0.1067
0.1067
0.1067
0.1067
0.1067
0.1067
0.1067
0.1067
0.1067
0.1067
0.1067
0.1067
0.1067
0.1004
0.1004
0.1004
0.1004
0.1004
0.1004
0.1004
0.1004
0.1004
0.1004
0.0941
0.0941
0.0941
0.0941
0.0941
0.0941
0.0941
0.0878
0.0941
0.0878
0.0878
0.0878
0.0878
0.0878
0.0816
0.0816
0.0816
0.0816
0.0816
0.0753
0.0753
0.0753
0.0753
0.0690
0.0690
0.0690
0.0690
0.0690
0.0690
0.0627
0.0627
0.0627
0.0627
0.0565
0.0565
0.0565
0.0565
0.0502
0.0502
0.0502
0.0502
0.0502
0.0439
0.0439
0.0439
0.0439
0.0376
0.0376
0.0376
0.0376
0.0314
0.0314
0.0314
0.0314
0.0251
0.0251
0.0251
0.0251
0.0188
0.0188
0.0188
0.0188
0.0188
0.0125
0.0125
0.0125
0.0063
0.0063
0.0063
0.0000
0.0000
0.0000
0.0000
0.0000
0.0000
0.0000
0.0000
-0.0063
-0.0063
-0.0125
-0.0125
-0.0125
-0.0125
-0.0188
-0.0188
-0.0188
-0.0188
-0.0251
-0.0251
-0.0251
-0.0251
-0.0314
-0.0314
-0.0314
-0.0314
-0.0376
-0.0376
-0.0376
-0.0439
-0.0439
-0.0439
-0.0439
-0.0502
-0.0502
-0.0502
-0.0502
-0.0565
-0.0565
-0.0565
-0.0565
-0.0565
-0.0565
-0.0627
-0.0627
-0.0627
-0.0627
-0.0627
-0.0627
-0.0690
-0.0690
-0.0690
-0.0690
-0.0690
-0.0753
-0.0753
-0.0753
-0.0753
-0.0753
-0.0816
-0.0816
-0.0816
-0.0816
-0.0816
-0.0878
-0.0878
-0.0878
-0.0878
-0.0878
-0.0878
-0.0941
-0.0941
-0.0941
-0.0941
-0.0941
-0.0941
-0.0941
-0.1004
-0.1004
-0.1004
-0.1004
-0.1004
-0.1004
-0.1004
-0.1067
-0.1067
-0.1067
-0.1067
-0.1067
-0.1067
-0.1067
-0.1067
-0.1129
-0.1129
-0.1129
-0.1129
-0.1129
-0.1129
-0.1129
-0.1129
-0.1129
-0.1129
-0.1129
-0.1129
-0.1129
-0.1129
-0.1129
-0.1129
-0.1129
-0.1129
-0.1129
-0.1129
-0.1129
-0.1129
-0.1129
-0.1129
-0.1129
-0.1129
-0.1129
-0.1129
-0.1129
-0.1129
-0.1129
-0.1129
-0.1129
-0.1129
-0.1129
-0.1129
-0.1129
-0.1129
-0.1129
-0.1067
-0.1067
-0.1067
-0.1067
-0.1067
-0.1067
-0.1067
-0.1067
-0.1067
-0.1004
-0.1004
-0.1004
-0.1004
-0.1004
-0.1004
-0.1004
-0.0941
-0.0941
-0.0941
-0.0941
-0.0941
-0.0941
-0.0878
-0.0941
-0.0878
-0.0878
-0.0878
-0.0878
-0.0878
-0.0878
-0.0878
-0.0878
-0.0878
-0.0816
-0.0816
-0.0816
-0.0753
-0.0753
-0.0753
-0.0753
-0.0753
-0.0753
-0.0690
-0.0690
-0.0690
-0.0690
-0.0690
-0.0627
-0.0627
-0.0627
-0.0627
-0.0627
-0.0627
-0.0565
-0.0565
-0.0565
-0.0565
-0.0565
-0.0502
-0.0502
-0.0502
-0.0502
-0.0502
-0.0502
-0.0502
-0.0502
-0.0439
-0.0439
-0.0439
-0.0439
-0.0376
-0.0376
-0.0314
-0.0314
-0.0314
-0.0314
-0.0314
-0.0314
-0.0251
-0.0251
-0.0251
-0.0251
-0.0251
-0.0188
-0.0188
-0.0188
-0.0188
-0.0188
-0.0125
-0.0125
-0.0125
-0.0125
-0.0063
-0.0063
-0.0063
-0.0063
0.0000
0.0000
0.0000
0.0000
0.0000
0.0000
0.0000
0.0063
0.0063
0.0063
0.0063
0.0125
0.0125
0.0125
0.0125
0.0188
0.0188
0.0188
0.0188
0.0188
0.0251
0.0251
0.0251
0.0314
0.0314
0.0314
0.0314
0.0314
0.0376
0.0376
0.0376
0.0376
0.0439
0.0439
0.0439
0.0439
0.0439
0.0502
0.0502
0.0502
0.0502
0.0502
0.0565
0.0565
0.0565
0.0565
0.0627
0.0627
0.0627
0.0627
0.0690
0.0690
0.0690
0.0690
0.0753
0.0753
0.0753
0.0753
0.0816
0.0816
0.0878
0.0878
0.0878
0.0878
0.0941
0.0941
0.0941
0.0941
0.1004
0.1004
0.1004
0.1004
0.1067
0.1067
0.1067
0.1129
0.1129
0.1129
0.1129
0.1129
0.1192
0.1192
0.1192
0.1192
0.1192
0.1255
0.1255
0.1255
0.1318
0.1318
0.1318
0.1318
0.1318
0.1318
0.1380
0.1380
0.1380
0.1380
0.1443
0.1443
0.1443
0.1443
0.1443
0.1506
0.1506
0.1506
0.1506
0.1569
0.1569
0.1569
0.1569
0.1569
0.1569
0.1631
0.1631
0.1631
0.1694
0.1694
0.1694
0.1694
0.1757
0.1757
0.1757
0.1757
0.1757
0.1820
0.1820
0.1820
0.1820
0.1820
0.1820
0.1882
0.1882
0.1882
0.1882
0.1882
0.1882
0.1882
0.1945
0.1945
0.1945
0.1945
0.1945
0.1945
0.1945
0.2008
0.2008
0.2008
0.2008
0.2008
0.2008
0.2008
0.2008
0.2071
0.2008
0.2071
0.2071
0.2071
0.2071
0.2071
0.2071
0.2071
0.2071
0.2071
0.2071
0.2071
0.2071
0.2071
0.2071
0.2071
0.2071
0.2071
0.2071
0.2071
0.2071
0.2071
0.2071
0.2071
0.2071
0.2071
0.2071
0.2071
0.2008
0.2008
0.2008
0.2008
0.2008
0.2008
0.2008
0.2008
0.2008
0.2008
0.2008
0.1945
0.1945
0.1945
0.1945
0.1945
0.1882
0.1882
0.1882
0.1882
0.1882
0.1820
0.1820
0.1820
0.1820
0.1820
0.1757
0.1757
0.1757
0.1757
0.1694
0.1694
0.1694
0.1631
0.1631
0.1631
0.1569
0.1569
0.1569
0.1506
0.1506
0.1506
0.1443
0.1443
0.1443
0.1380
0.1380
0.1380
0.1318
0.1318
0.1318
0.1318
0.1318
0.1255
0.1255
0.1192
0.1192
0.1192
0.1129
0.1067
0.1067
0.1067
0.1004
0.1004
0.1004
0.0941
0.0941
0.0878
0.0878
0.0816
0.0816
0.0753
0.0753
0.0690
0.0690
0.0690
0.0627
0.0627
0.0565
0.0565
0.0502
0.0502
0.0502
0.0439
0.0439
0.0439
0.0376
0.0376
0.0314
0.0314
0.0251
0.0251
0.0251
0.0188
0.0188
0.0125
0.0125
0.0125
0.0063
0.0063
0.0000
0.0000
0.0000
0.0000
-0.0063
-0.0063
-0.0125
-0.0125
-0.0188
-0.0188
-0.0188
-0.0251
-0.0314
-0.0314
-0.0314
-0.0376
-0.0376
-0.0439
-0.0439
-0.0439
-0.0502
-0.0502
-0.0502
-0.0565
-0.0565
-0.0627
-0.0627
-0.0627
-0.0690
-0.0690
-0.0690
-0.0753
-0.0753
-0.0753
-0.0816
-0.0816
-0.0816
-0.0816
-0.0878
-0.0878
-0.0941
-0.0941
-0.0941
-0.1004
-0.1004
-0.1004
-0.1067
-0.1067
-0.1067
-0.1067
-0.1129
-0.1129
-0.1129
-0.1192
-0.1192
-0.1255
-0.1255
-0.1255
-0.1255
-0.1255
-0.1318
-0.1318
-0.1318
-0.1318
-0.1318
-0.1318
-0.1380
-0.1380
-0.1380
-0.1380
-0.1380
-0.1443
-0.1443
-0.1443
-0.1443
-0.1443
-0.1443
-0.1443
-0.1506
-0.1506
-0.1506
-0.1506
-0.1506
-0.1506
-0.1506
-0.1506
-0.1506
-0.1506
-0.1506
-0.1506
-0.1506
-0.1506
-0.1569
-0.1506
-0.1569
-0.1506
-0.1569
-0.1569
-0.1569
-0.1569
-0.1569
-0.1569
-0.1569
-0.1569
-0.1569
-0.1569
-0.1569
-0.1569
-0.1569
-0.1569
-0.1569
-0.1569
-0.1569
-0.1569
-0.1569
-0.1569
-0.1569
-0.1506
-0.1506
-0.1506
-0.1506
-0.1506
-0.1506
-0.1506
-0.1506
-0.1506
-0.1506
-0.1506
-0.1506
-0.1506
-0.1443
-0.1443
-0.1443
-0.1443
-0.1443
-0.1443
-0.1443
-0.1443
-0.1443
-0.1443
-0.1380
-0.1380
-0.1380
-0.1380
-0.1380
-0.1318
-0.1318
-0.1318
-0.1318
-0.1318
-0.1318
-0.1255
-0.1255
-0.1255
-0.1255
-0.1192
-0.1192
-0.1192
-0.1192
-0.1192
-0.1129
-0.1129
-0.1129
-0.1067
-0.1067
-0.1067
-0.1067
-0.1004
-0.1004
-0.1004
-0.0941
-0.0941
-0.0941
-0.0941
-0.0878
-0.0878
-0.0878
-0.0816
-0.0816
-0.0816
-0.0753
-0.0753
-0.0753
-0.0690
-0.0690
-0.0690
-0.0627
-0.0627
-0.0627
-0.0565
-0.0565
-0.0565
-0.0502
-0.0502
-0.0502
-0.0439
-0.0439
-0.0439
-0.0376
-0.0376
-0.0314
-0.0314
-0.0314
-0.0251
-0.0251
-0.0188
-0.0188
-0.0188
-0.0125
-0.0125
-0.0063
-0.0063
0.0000
0.0000
0.0000
0.0000
0.0063
0.0063
0.0125
0.0125
0.0188
0.0188
0.0188
0.0251
0.0251
0.0251
0.0314
0.0314
0.0376
0.0376
0.0439
0.0439
0.0439
0.0502
0.0502
0.0565
0.0565
0.0565
0.0627
0.0627
0.0690
0.0690
0.0753
0.0753
0.0753
0.0816
0.0816
0.0816
0.0878
0.0878
0.0941
0.0941
0.0941
0.1004
0.1004
0.1004
0.1067
0.1067
0.1129
0.1129
0.1129
0.1192
0.1192
0.1192
0.1192
0.1255
0.1255
0.1255
0.1255
0.1318
0.1318
0.1318
0.1318
0.1380
0.1380
0.1380
0.1380
0.1380
0.1380
0.1380
0.1380
0.1443
0.1443
0.1443
0.1443
0.1443
0.1443
0.1443
0.1443
0.1443
0.1506
0.1506
0.1506
0.1506
0.1506
0.1506
0.1506
0.1506
0.1443
0.1443
0.1443
0.1443
0.1443
0.1443
0.1443
0.1443
0.1443
0.1443
0.1443
0.1443
0.1443
0.1443
0.1443
0.1443
0.1380
0.1380
0.1380
0.1380
0.1380
0.1380
0.1318
0.1318
0.1318
0.1318
0.1255
0.1255
0.1255
0.1255
0.1255
0.1192
0.1192
0.1192
0.1129
0.1129
0.1129
0.1129
0.1067
0.1067
0.1067
0.1067
0.1004
0.1004
0.1004
0.0941
0.0941
0.0878
0.0878
0.0878
0.0816
0.0816
0.0753
0.0753
0.0753
0.0690
0.0690
0.0627
0.0627
0.0565
0.0565
0.0565
0.0502
0.0502
0.0502
0.0439
0.0439
0.0439
0.0376
0.0376
0.0314
0.0314
0.0314
0.0251
0.0251
0.0251
0.0188
0.0188
0.0125
0.0125
0.0125
0.0063
0.0000
0.0000
0.0000
0.0000
0.0000
-0.0063
-0.0063
-0.0063
-0.0125
-0.0125
-0.0188
-0.0188
-0.0251
-0.0251
-0.0251
-0.0314
-0.0314
-0.0376
-0.0376
-0.0376
-0.0439
-0.0439
-0.0502
-0.0502
-0.0502
-0.0565
-0.0565
-0.0565
-0.0565
-0.0627
-0.0627
-0.0627
-0.0690
-0.0690
-0.0753
-0.0753
-0.0753
-0.0816
-0.0816
-0.0816
-0.0878
-0.0878
-0.0941
-0.0941
-0.0941
-0.1004
-0.1004
-0.1067
-0.1067
-0.1067
-0.1067
-0.1129
-0.1129
-0.1129
-0.1129
-0.1192
-0.1192
-0.1255
-0.1255
-0.1255
-0.1255
-0.1318
-0.1318
-0.1318
-0.1318
-0.1380
-0.1380
-0.1380
-0.1380
-0.1443
-0.1380
-0.1443
-0.1443
-0.1443
-0.1443
-0.1443
-0.1506
-0.1506
-0.1506
-0.1506
-0.1506
-0.1506
-0.1506
-0.1569
-0.1569
-0.1569
-0.1569
-0.1569
-0.1569
-0.1569
-0.1569
-0.1569
-0.1631
-0.1569
-0.1631
-0.1631
-0.1631
-0.1631
-0.1631
-0.1631
-0.1631
-0.1631
-0.1631
-0.1631
-0.1631
-0.1631
-0.1631
-0.1631
-0.1631
-0.1631
-0.1631
-0.1631
-0.1569
-0.1569
-0.1569
-0.1569
-0.1569
-0.1569
-0.1569
-0.1569
-0.1569
-0.1569
-0.1569
-0.1506
-0.1506
-0.1506
-0.1506
-0.1506
-0.1506
-0.1443
-0.1443
-0.1443
-0.1443
-0.1443
-0.1443
-0.1380
-0.1380
-0.1380
-0.1380
-0.1380
-0.1318
-0.1318
-0.1318
-0.1318
-0.1255
-0.1255
-0.1255
-0.1192
-0.1192
-0.1192
-0.1129
-0.1129
-0.1129
-0.1067
-0.1067
-0.1067
-0.1004
-0.1004
-0.1004
-0.0941
-0.0941
-0.0941
-0.0878
-0.0878
-0.0878
-0.0816
-0.0816
-0.0753
-0.0753
-0.0690
-0.0690
-0.0627
-0.0627
-0.0627
-0.0565
-0.0565
-0.0565
-0.0502
-0.0502
-0.0502
-0.0502
-0.0439
-0.0439
-0.0376
-0.0376
-0.0314
-0.0314
-0.0251
-0.0251
-0.0188
-0.0188
-0.0125
-0.0125
-0.0063
-0.0063
0.0000
0.0000
0.0000
0.0000
0.0000
0.0063
0.0063
0.0125
0.0125
0.0188
0.0188
0.0251
0.0251
0.0251
0.0314
0.0314
0.0376
0.0376
0.0439
0.0439
0.0502
0.0502
0.0565
0.0565
0.0565
0.0627
0.0627
0.0690
0.0690
0.0753
0.0816
0.0816
0.0878
0.0878
0.0878
0.0941
0.0941
0.1004
0.1004
0.1067
0.1067
0.1067
0.1129
0.1129
0.1192
0.1192
0.1255
0.1255
0.1255
0.1318
0.1318
0.1318
0.1380
0.1380
0.1443
0.1443
0.1443
0.1506
0.1506
0.1569
0.1569
0.1569
0.1631
0.1631
0.1631
0.1694
0.1694
0.1757
0.1757
0.1820
0.1820
0.1820
0.1820
0.1882
0.1882
0.1882
0.1945
0.1945
0.1945
0.2008
0.2008
0.2008
0.2071
0.2071
0.2071
0.2071
0.2133
0.2133
0.2133
0.2133
0.2196
0.2196
0.2196
0.2196
0.2259
0.2259
0.2259
0.2259
0.2259
0.2259
0.2259
0.2259
0.2322
0.2322
0.2322
0.2322
0.2322
0.2322
0.2322
0.2322
0.2322
0.2322
0.2322
0.2322
0.2384
0.2384
0.2384
0.2384
0.2384
0.2384
0.2384
0.2384
0.2384
0.2384
0.2384
0.2384
0.2384
0.2384
0.2384
0.2384
0.2384
0.2384
0.2384
0.2384
0.2322
0.2322
0.2322
0.2322
0.2322
0.2322
0.2322
0.2322
0.2322
0.2322
0.2259
0.2259
0.2259
0.2259
0.2259
0.2259
0.2259
0.2259
0.2259
0.2196
0.2259
0.2196
0.2196
0.2196
0.2196
0.2133
0.2133
0.2133
0.2133
0.2133
0.2071
0.2071
0.2071
0.2071
0.2071
0.2008
0.2008
0.2008
0.2008
0.1945
0.1945
0.1945
0.1945
0.1945
0.1882
0.1882
0.1882
0.1820
0.1820
0.1820
0.1757
0.1757
0.1757
0.1757
0.1694
0.1694
0.1694
0.1694
0.1631
0.1631
0.1569
0.1569
0.1569
0.1569
0.1506
0.1506
0.1506
0.1443
0.1443
0.1443
0.1443
0.1380
0.1380
0.1380
0.1380
0.1318
0.1318
0.1318
0.1318
0.1255
0.1255
0.1255
0.1255
0.1192
0.1192
0.1192
0.1192
0.1192
0.1192
0.1129
0.1129
0.1067
0.1067
0.1067
0.1067
0.1067
0.1004
0.1004
0.1004
0.1004
0.1004
0.0941
0.0941
0.0941
0.0941
0.0941
0.0878
0.0878
0.0878
0.0878
0.0816
0.0816
0.0816
0.0816
0.0816
0.0816
0.0753
0.0753
0.0753
0.0753
0.0690
0.0690
0.0690
0.0690
0.0690
0.0690
0.0690
0.0690
0.0627
0.0627
0.0627
0.0627
0.0627
0.0627
0.0627
0.0627
0.0565
0.0565
0.0565
0.0565
0.0565
0.0565
0.0565
0.0565
0.0565
0.0565
0.0565
0.0565
0.0565
0.0565
0.0565
0.0565
0.0565
0.0565
0.0565
0.0565
0.0565
0.0565
0.0565
0.0565
0.0565
0.0565
0.0565
0.0565
0.0565
0.0565
0.0565
0.0565
0.0565
0.0565
0.0565
0.0565
0.0565
0.0565
0.0565
0.0565
0.0565
0.0565
0.0565
0.0565
0.0565
0.0627
0.0627
0.0627
0.0627
0.0627
0.0627
0.0627
0.0627
0.0627
0.0690
0.0690
0.0690
0.0690
0.0690
0.0690
0.0690
0.0690
0.0690
0.0690
0.0753
0.0753
0.0753
0.0753
0.0753
0.0753
0.0753
0.0753
0.0753
0.0816
0.0753
0.0753
0.0753
0.0753
0.0816
0.0816
0.0816
0.0816
0.0816
0.0878
0.0878
0.0878
0.0878
0.0878
0.0878
0.0878
0.0878
0.0878
0.0878
0.0878
0.0878
0.0941
0.0941
0.0941
0.0941
0.0941
0.0941
0.0941
0.0941
0.0941
0.0941
0.0941
0.0941
0.0941
0.0941
0.0941
0.0941
0.0941
0.0941
0.0941
0.1004
0.1004
0.0941
0.0941
0.0941
0.0941
0.0941
0.1004
0.1004
0.1004
0.0941
0.0941
0.0941
0.0941
0.0941
0.0941
0.0941
0.0941
0.0941
0.0941
0.0941
0.0941
0.0941
0.0941
0.0941
0.0941
0.0941
0.0941
0.0878
0.0878
0.0878
0.0878
0.0878
0.0878
0.0878
0.0878
0.0816
0.0816
0.0816
0.0816
0.0816
0.0816
0.0816
0.0753
0.0753
0.0753
0.0753
0.0753
0.0753
0.0753
0.0690
0.0690
0.0690
0.0690
0.0690
0.0690
0.0627
0.0627
0.0627
0.0627
0.0627
0.0627
0.0565
0.0565
0.0565
0.0565
0.0565
0.0502
0.0502
0.0502
0.0502
0.0502
0.0439
0.0439
0.0439
0.0439
0.0439
0.0439
0.0376
0.0376
0.0376
0.0376
0.0314
0.0314
0.0314
0.0314
0.0314
0.0314
0.0251
0.0251
0.0251
0.0251
0.0188
0.0188
0.0188
0.0188
0.0125
0.0125
0.0125
0.0125
0.0125
0.0063
0.0063
0.0063
0.0063
0.0000
0.0000
0.0000
0.0000
0.0000
0.0000
0.0000
-0.0063
-0.0063
-0.0063
-0.0125
-0.0125
