173.00  24.00  1      1
165.00  23.94  1      1
157.00  23.45  1      1
149.00  21.8   1      1
141.00  21.37  1      1
133.00  27.38  1      1 
125.00  53.11  1      1  
117.00  54.94  1      1
109.00  1      1      1
101.00  44.00  1      1
93.00   37.79  1      1
85.00   55.72  1      1
77.00   101.3  41.35  1
69.00   45.86  37.25  1
61.00   41.00  17.94  1
53.00   43.40  55.40  79.06
45.00   22.20  38.89  58.64
37.00   1      36.00  66.00
29.00   60.77  22.13  70.00
21.00   51.50  53.34  92.00
13.00   62.10  60.00  70.00
5.000   140.0  119.0  1
