173  55.67  1      1
165  54.99  1      1
157  50.47  1      1
149  54.10  1      1
141  53.33  1      1
133  86.00  1      1
125  53.56  37.22  38.39
117  55.20  69.00  59.17
109  52.82  58.68  61.25
101  55.01  39.10  1
93   108.9  54.97  76.56
85   53.34  35.18  1
77   55.70  35.97  145.26
69   55.25  49.11  73.4
61   40.00  1      89.44
53   58.00  48.84  90.91
45   56.79  57.21  1
37   145.0  57.80  96.45
29   1      50.00  90
21   97.00  1      80.
13   129.0  60.00  106.91
5    1      70.00  144
