  0.02625762
  0.02645594
  0.02667478
  0.02691331
  0.02717021
  0.02744380
  0.02773205
  0.02803269
  0.02834331
  0.02866142
  0.02898460
  0.02931053
  0.02963712
  0.02996255
  0.03028533
  0.03060432
  0.03091877
  0.03122832
  0.03153293
  0.03183292
  0.03212882
  0.03242142
  0.03271162
  0.03300039
  0.03328870
  0.03357746
  0.03386746
  0.03415933
  0.03445348
  0.03475013
  0.03504930
  0.03535075
  0.03565412
  0.03595887
  0.03626435
  0.03656986
  0.03687471
  0.03717821
  0.03747979
  0.03777898
  0.03807546
  0.03836908
  0.03865985
  0.03894796
  0.03923374
  0.03951764
  0.03980023
  0.04008209
  0.04036383
  0.04064605
  0.04092925
  0.04121384
  0.04150010
  0.04178819
  0.04207807
  0.04236958
  0.04266241
  0.04295615
  0.04325027
  0.04354422
  0.04383741
  0.04412928
  0.04441932
  0.04470712
  0.04499239
  0.04527498
  0.04555485
  0.04583216
  0.04610718
  0.04638030
  0.04665200
  0.04692284
  0.04719339
  0.04746422
  0.04773584
  0.04800869
  0.04828310
  0.04855926
  0.04883723
  0.04911690
  0.04939806
  0.04968031
  0.04996321
  0.05024621
  0.05052871
  0.05081014
  0.05108995
  0.05136765
  0.05164286
  0.05191532
  0.05218492
  0.05245170
  0.05271585
  0.05297767
  0.05323763
  0.05349623
  0.05375408
  0.05401177
  0.05426990
  0.05452900
  0.05478950
  0.05505175
  0.05531591
  0.05558203
  0.05584997
  0.05611947
  0.05639012
  0.05666141
  0.05693275
  0.05720351
  0.05747306
  0.05774081
  0.05800623
  0.05826894
  0.05852864
  0.05878522
  0.05903873
  0.05928937
  0.05953749
  0.05978356
  0.06002817
  0.06027195
  0.06051558
  0.06075969
  0.06100489
  0.06125165
  0.06150034
  0.06175119
  0.06200424
  0.06225936
  0.06251628
  0.06277456
  0.06303363
  0.06329287
  0.06355156
  0.06380901
  0.06406456
  0.06431761
  0.06456769
  0.06481447
  0.06505780
  0.06529770
  0.06553435
  0.06576814
  0.06599957
  0.06622927
  0.06645796
  0.06668638
  0.06691526
  0.06714530
  0.06737706
  0.06761100
  0.06784740
  0.06808636
  0.06832777
  0.06857137
  0.06881668
  0.06906312
  0.06930996
  0.06955642
  0.06980170
  0.07004502
  0.07028569
  0.07052311
  0.07075687
  0.07098674
  0.07121267
  0.07143485
  0.07165363
  0.07186957
  0.07208337
  0.07229582
  0.07250779
  0.07272014
  0.07293368
  0.07314915
  0.07336710
  0.07358793
  0.07381184
  0.07403877
  0.07426847
  0.07450047
  0.07473412
  0.07496859
  0.07520300
  0.07543639
  0.07566782
  0.07589643
  0.07612146
  0.07634234
  0.07655870
  0.07677042
  0.07697761
  0.07718063
  0.07738007
  0.07757670
  0.07777145
  0.07796536
  0.07815947
  0.07835481
  0.07855232
  0.07875278
  0.07895676
  0.07916459
  0.07937636
  0.07959183
  0.07981054
  0.08003175
  0.08025453
  0.08047780
  0.08070038
  0.08092107
  0.08113873
  0.08135233
  0.08156105
  0.08176428
  0.08196174
  0.08215341
  0.08233964
  0.08252104
  0.08269852
  0.08287321
  0.08304639
  0.08321945
  0.08339376
  0.08357064
  0.08375122
  0.08393642
  0.08412686
  0.08432279
  0.08452413
  0.08473040
  0.08494078
  0.08515412
  0.08536904
  0.08558394
  0.08579716
  0.08600705
  0.08621207
  0.08641087
  0.08660242
  0.08678605
  0.08696152
  0.08712903
  0.08728927
  0.08744332
  0.08759269
  0.08773916
  0.08788476
  0.08803158
  0.08818171
  0.08833709
  0.08849936
  0.08866979
  0.08884917
  0.08903772
  0.08923509
  0.08944029
  0.08965181
  0.08986758
  0.09008516
  0.09030179
  0.09051460
  0.09072074
  0.09091754
  0.09110274
  0.09127459
  0.09143202
  0.09157475
  0.09170333
  0.09181919
  0.09192463
  0.09202272
  0.09211719
  0.09221227
  0.09231246
  0.09242231
  0.09254615
  0.09268782
  0.09285040
  0.09303594
  0.09324526
  0.09347774
  0.09373121
  0.09400185
  0.09428423
  0.09457133
  0.09485470
  0.09512467
  0.09537061
  0.09558126
  0.09574510
  0.09585073
  0.09588727
  0.09584478
  0.09571463
  0.09548987
  0.09516546
  0.09473856
  0.09420862
  0.09357753
  0.09284949
  0.09203098
  0.09113055
  0.09015852
  0.08912664
  0.08804774
  0.08693523
  0.08580270
  0.08466340
  0.08352984
  0.08241335
  0.08132375
  0.08026899
  0.07925496
  0.07828537
  0.07736164
  0.07648299
  0.07564655
  0.07484756
  0.07407964
  0.07333518
  0.07260567
  0.07188215
  0.07115562
  0.07041746
  0.06965984
  0.06887606
  0.06806085
  0.06721063
  0.06632363
  0.06540002
  0.06444187
  0.06345311
  0.06243933
  0.06140763
  0.06036627
  0.05932439
  0.05829166
  0.05727793
  0.05629283
  0.05534544
  0.05444401
  0.05359563
  0.05280603
  0.05207944
  0.05141843
  0.05082392
  0.05029521
  0.04983002
  0.04942467
  0.04907427
  0.04877292
  0.04851397
  0.04829028
  0.04809452
  0.04791934
  0.04775771
  0.04760305
  0.04744947
  0.04729185
  0.04712596
  0.04694851
  0.04675717
  0.04655049
  0.04632789
  0.04608952
  0.04583615
  0.04556906
  0.04528987
  0.04500041
  0.04470260
  0.04439829
  0.04408923
  0.04377690
  0.04346256
  0.04314713
  0.04283125
  0.04251528
  0.04219933
  0.04188335
  0.04156716
  0.04125056
  0.04093341
  0.04061565
  0.04029747
  0.03997925
  0.03966171
  0.03934585
  0.03903302
  0.03872487
  0.03842334
  0.03813062
  0.03784908
  0.03758122
  0.03732959
  0.03709669
  0.03688493
  0.03669653
  0.03653347
  0.03639741
  0.03628964
  0.03621105
  0.03616213
  0.03614291
  0.03615298
  0.03619152
  0.03625727
  0.03634862
  0.03646363
  0.03660001
  0.03675527
  0.03692668
  0.03711137
  0.03730634
  0.03750855
  0.03771494
  0.03792249
  0.03812824
  0.03832938
  0.03852326
  0.03870744
  0.03887973
  0.03903825
  0.03918142
  0.03930806
  0.03941737
  0.03950898
  0.03958293
  0.03963975
  0.03968037
  0.03970618
  0.03971896
  0.03972084
  0.03971428
  0.03970197
  0.03968675
  0.03967155
  0.03965927
  0.03965270
  0.03965440
  0.03966661
  0.03969117
  0.03972947
  0.03978231
  0.03984996
  0.03993208
  0.04002774
  0.04013548
  0.04025332
  0.04037890
  0.04050953
  0.04064233
  0.04077438
  0.04090283
  0.04102507
  0.04113881
  0.04124225
  0.04133418
  0.04141400
  0.04148182
  0.04153846
  0.04158542
  0.04162479
  0.04165924
  0.04169181
  0.04172580
  0.04176462
  0.04181158
  0.04186969
  0.04194156
  0.04202912
  0.04213359
  0.04225529
  0.04239363
  0.04254702
  0.04271296
  0.04288804
  0.04306810
  0.04324836
  0.04342366
  0.04358860
  0.04373790
  0.04386656
  0.04397016
  0.04404511
  0.04408882
  0.04409993
  0.04407842
  0.04402568
  0.04394452
  0.04383915
  0.04371506
  0.04357881
  0.04343788
  0.04330029
  0.04317440
  0.04306848
  0.04299042
  0.04294736
  0.04294541
  0.04298930
  0.04308222
  0.04322558
  0.04341893
  0.04365996
  0.04394448
  0.04426662
  0.04461899
  0.04499295
  0.04537896
  0.04576692
  0.04614662
  0.04650807
  0.04684197
  0.04714008
  0.04739553
  0.04760313
  0.04775957
  0.04786358
  0.04791595
  0.04791950
  0.04787899
  0.04780088
  0.04769303
  0.04756442
  0.04742472
  0.04728387
  0.04715167
  0.04703735
  0.04694916
  0.04689404
  0.04687732
  0.04690248
  0.04697104
  0.04708250
  0.04723437
  0.04742233
  0.04764039
  0.04788124
  0.04813654
  0.04839734
  0.04865449
  0.04889906
  0.04912276
  0.04931830
  0.04947976
  0.04960283
  0.04968502
  0.04972577
  0.04972647
  0.04969041
  0.04962261
  0.04952959
  0.04941909
  0.04929968
  0.04918041
  0.04907037
  0.04897827
  0.04891208
  0.04887860
  0.04888324
  0.04892966
  0.04901972
  0.04915330
  0.04932833
  0.04954089
  0.04978534
  0.05005462
  0.05034048
  0.05063389
  0.05092539
  0.05120551
  0.05146517
  0.05169604
  0.05189088
  0.05204389
  0.05215085
  0.05220935
  0.05221884
  0.05218062
  0.05209779
  0.05197508
  0.05181864
  0.05163575
  0.05143453
  0.05122357
  0.05101157
  0.05080705
  0.05061790
  0.05045120
  0.05031285
  0.05020746
  0.05013812
  0.05010639
  0.05011223
  0.05015409
  0.05022900
  0.05033275
  0.05046006
  0.05060490
  0.05076064
  0.05092045
  0.05107744
  0.05122504
  0.05135712
  0.05146827
  0.05155390
  0.05161041
  0.05163520
  0.05162672
  0.05158443
  0.05150876
  0.05140097
  0.05126305
  0.05109757
  0.05090751
  0.05069609
  0.05046661
  0.05022235
  0.04996638
  0.04970148
  0.04943008
  0.04915418
  0.04887534
  0.04859468
  0.04831293
  0.04803045
  0.04774729
  0.04746330
  0.04717818
  0.04689154
  0.04660303
  0.04631235
  0.04601930
  0.04572386
  0.04542616
  0.04512652
  0.04482540
  0.04452339
  0.04422117
  0.04391946
  0.04361898
  0.04332039
  0.04302421
  0.04273086
  0.04244053
  0.04215324
  0.04186878
  0.04158673
  0.04130649
  0.04102729
  0.04074824
  0.04046836
  0.04018666
  0.03990215
  0.03961391
  0.03932112
  0.03902312
  0.03871940
  0.03840963
  0.03809366
  0.03777150
  0.03744334
  0.03710944
  0.03677018
  0.03642596
  0.03607719
  0.03572424
  0.03536739
  0.03500683
  0.03464266
  0.03427482
  0.03390316
  0.03352745
  0.03314739
  0.03276268
  0.03237307
  0.03197839
  0.03157865
  0.03117408
  0.03076518
  0.03035276
  0.02993798
  0.02952234
  0.02910771
  0.02869629
  0.02829055
  0.02789320
  0.02750708
  0.02713506
  0.02677997
  0.02644446
  0.02613087
  0.02584117
  0.02557677
  0.02533851
  0.02512653
  0.02494024
  0.02477829
  0.02463854
  0.02451813
  0.02441351
  0.02432049
  0.02423440
  0.02415015
  0.02406245
  0.02396586
  0.02385501
  0.02372476
  0.02357028
  0.02338725
  0.02317193
  0.02292128
  0.02263301
  0.02230560
  0.02193834
  0.02153131
  0.02108530
  0.02060173
  0.02008262
  0.01953037
  0.01894774
  0.01833765
  0.01770306
  0.01704685
  0.01637170
  0.01568000
  0.01497372
  0.01425442
  0.01352316
  0.01278049
  0.01202651
  0.01126084
  0.01048275
  0.00969117
  0.00888481
  0.00806224
  0.00722199
  0.00636266
  0.00548297
  0.00458185
  0.00365851
  0.00271243
  0.00174344
  0.00075164
 -0.00026256
 -0.00129856
 -0.00235556
 -0.00343273
 -0.00452922
 -0.00564431
 -0.00677747
 -0.00792848
 -0.00909751
 -0.01028513
 -0.01149243
 -0.01272098
 -0.01397287
 -0.01525064
 -0.01655726
 -0.01789603
 -0.01927051
 -0.02068438
 -0.02214132
 -0.02364489
 -0.02519838
 -0.02680470
 -0.02846627
 -0.03018488
 -0.03196167
 -0.03379705
 -0.03569068
 -0.03764145
 -0.03964758
 -0.04170662
 -0.04381557
 -0.04597097
 -0.04816907
 -0.05040592
 -0.05267755
 -0.05498009
 -0.05730993
 -0.05966382
 -0.06203902
 -0.06443333
 -0.06684519
 -0.06927368
 -0.07171855
 -0.07418018
 -0.07665954
 -0.07915808
 -0.08167768
 -0.08422052
 -0.08678895
 -0.08938541
 -0.09201227
 -0.09467177
 -0.09736588
 -0.10009625
 -0.10286417
 -0.10567052
 -0.10851580
 -0.11140009
 -0.11432317
 -0.11728453
 -0.12028349
 -0.12331926
 -0.12639107
 -0.12949824
 -0.13264031
 -0.13581712
 -0.13902887
 -0.14227618
 -0.14556012
 -0.14888224
 -0.15224453
 -0.15564940
 -0.15909959
 -0.16259815
 -0.16614824
 -0.16975313
 -0.17341598
 -0.17713981
 -0.18092730
 -0.18478072
 -0.18870184
 -0.19269183
 -0.19675117
 -0.20087966
 -0.20507640
 -0.20933973
 -0.21366736
 -0.21805633
 -0.22250318
 -0.22700394
 -0.23155434
 -0.23614982
 -0.24078576
 -0.24545752
 -0.25016061
 -0.25489080
 -0.25964422
 -0.26441745
 -0.26920763
 -0.27401252
 -0.27883053
 -0.28366078
 -0.28850310
 -0.29335803
 -0.29822679
 -0.30311128
 -0.30801399
 -0.31293791
 -0.31788655
 -0.32286372
 -0.32787353
 -0.33292024
 -0.33800814
 -0.34314146
 -0.34832422
 -0.35356015
 -0.35885256
 -0.36420424
 -0.36961737
 -0.37509346
 -0.38063325
 -0.38623672
 -0.39190303
 -0.39763055
 -0.40341688
 -0.40925892
 -0.41515295
 -0.42109471
 -0.42707957
 -0.43310265
 -0.43915896
 -0.44524364
 -0.45135203
 -0.45747992
 -0.46362366
 -0.46978028
 -0.47594766
 -0.48212453
 -0.48831059
 -0.49450644
 -0.50071360
 -0.50693441
 -0.51317187
 -0.51942958
 -0.52571143
 -0.53202149
 -0.53836372
 -0.54474176
 -0.55115869
 -0.55761682
 -0.56411748
 -0.57066090
 -0.57724606
 -0.58387063
 -0.59053099
 -0.59722226
 -0.60393839
 -0.61067234
 -0.61741630
 -0.62416193
 -0.63090061
 -0.63762381
 -0.64432334
 -0.65099169
 -0.65762229
 -0.66420976
 -0.67075011
 -0.67724091
 -0.68368134
 -0.69007221
 -0.69641591
 -0.70271632
 -0.70897853
 -0.71520870
 -0.72141369
 -0.72760076
 -0.73377725
 -0.73995018
 -0.74612596
 -0.75231006
 -0.75850672
 -0.76471878
 -0.77094751
 -0.77719251
 -0.78345172
 -0.78972149
 -0.79599672
 -0.80227103
 -0.80853707
 -0.81478676
 -0.82101166
 -0.82720327
 -0.83335338
 -0.83945440
 -0.84549960
 -0.85148333
 -0.85740125
 -0.86325038
 -0.86902913
 -0.87473729
 -0.88037590
 -0.88594709
 -0.89145385
 -0.89689976
 -0.90228870
 -0.90762453
 -0.91291082
 -0.91815052
 -0.92334573
 -0.92849752
 -0.93360571
 -0.93866886
 -0.94368419
 -0.94864768
 -0.95355415
 -0.95839745
 -0.96317071
 -0.96786656
 -0.97247750
 -0.97699613
 -0.98141554
 -0.98572953
 -0.98993292
 -0.99402176
 -0.99799346
 -1.00184694
 -1.00558264
 -1.00920252
 -1.01270993
 -1.01610949
 -1.01940686
 -1.02260854
 -1.02572153
 -1.02875308
 -1.03171041
 -1.03460036
 -1.03742920
 -1.04020233
 -1.04292415
 -1.04559789
 -1.04822556
 -1.05080787
 -1.05334432
 -1.05583326
 -1.05827202
 -1.06065708
 -1.06298426
 -1.06524898
 -1.06744643
 -1.06957184
 -1.07162067
 -1.07358879
 -1.07547268
 -1.07726951
 -1.07897724
 -1.08059466
 -1.08212140
 -1.08355790
 -1.08490527
 -1.08616528
 -1.08734015
 -1.08843249
 -1.08944504
 -1.09038064
 -1.09124201
 -1.09203165
 -1.09275174
 -1.09340406
 -1.09398994
 -1.09451024
 -1.09496538
 -1.09535533
 -1.09567977
 -1.09593808
 -1.09612952
 -1.09625332
 -1.09630879
 -1.09629548
 -1.09621330
 -1.09606259
 -1.09584423
 -1.09555974
 -1.09521128
 -1.09480171
 -1.09433459
 -1.09381410
 -1.09324504
 -1.09263272
 -1.09198289
 -1.09130157
 -1.09059496
 -1.08986928
 -1.08913066
 -1.08838491
 -1.08763748
 -1.08689324
 -1.08615643
 -1.08543051
 -1.08471811
 -1.08402093
 -1.08333977
 -1.08267450
 -1.08202405
 -1.08138655
 -1.08075931
 -1.08013901
 -1.07952182
 -1.07890350
 -1.07827963
 -1.07764575
 -1.07699755
 -1.07633107
 -1.07564285
 -1.07493009
 -1.07419082
 -1.07342397
 -1.07262949
 -1.07180837
 -1.07096267
 -1.07009549
 -1.06921090
 -1.06831381
 -1.06740986
 -1.06650524
 -1.06560648
 -1.06472024
 -1.06385308
 -1.06301125
 -1.06220044
 -1.06142561
 -1.06069080
 -1.05999896
 -1.05935189
 -1.05875014
 -1.05819304
 -1.05767870
 -1.05720409
 -1.05676519
 -1.05635715
 -1.05597450
 -1.05561133
 -1.05526157
 -1.05491923
 -1.05457859
 -1.05423445
 -1.05388231
 -1.05351851
 -1.05314034
 -1.05274611
 -1.05233514
 -1.05190771
 -1.05146500
 -1.05100893
 -1.05054197
 -1.05006697
 -1.04958694
 -1.04910476
 -1.04862304
 -1.04814383
 -1.04766850
 -1.04719755
 -1.04673051
 -1.04626589
 -1.04580116
 -1.04533279
 -1.04485640
 -1.04436679
 -1.04385825
 -1.04332465
 -1.04275975
 -1.04215742
 -1.04151183
 -1.04081774
 -1.04007064
 -1.03926693
 -1.03840404
 -1.03748050
 -1.03649592
 -1.03545101
 -1.03434742
 -1.03318769
 -1.03197498
 -1.03071294
 -1.02940543
 -1.02805629
 -1.02666910
 -1.02524699
 -1.02379235
 -1.02230673
 -1.02079068
 -1.01924366
 -1.01766400
 -1.01604894
 -1.01439465
 -1.01269637
 -1.01094855
 -1.00914503
 -1.00727927
 -1.00534453
 -1.00333413
 -1.00124165
 -0.99906116
 -0.99678735
 -0.99441572
 -0.99194266
 -0.98936552
 -0.98668267
 -0.98389339
 -0.98099791
 -0.97799722
 -0.97489299
 -0.97168742
 -0.96838301
 -0.96498243
 -0.96148833
 -0.95790315
 -0.95422896
 -0.95046732
 -0.94661920
 -0.94268486
 -0.93866382
 -0.93455485
 -0.93035598
 -0.92606453
 -0.92167722
 -0.91719026
 -0.91259945
 -0.90790032
 -0.90308826
 -0.89815867
 -0.89310707
 -0.88792926
 -0.88262137
 -0.87718001
 -0.87160231
 -0.86588598
 -0.86002935
 -0.85403134
 -0.84789149
 -0.84160989
 -0.83518714
 -0.82862427
 -0.82192268
 -0.81508402
 -0.80811009
 -0.80100276
 -0.79376386
 -0.78639506
 -0.77889779
 -0.77127316
 -0.76352189
 -0.75564423
 -0.74763992
 -0.73950821
 -0.73124777
 -0.72285680
 -0.71433299
 -0.70567360
 -0.69687555
 -0.68793546
 -0.67884981
 -0.66961502
 -0.66022758
 -0.65068416
 -0.64098180
 -0.63111794
 -0.62109061
 -0.61089850
 -0.60054102
 -0.59001840
 -0.57933170
 -0.56848280
 -0.55747441
 -0.54631000
 -0.53499373
 -0.52353033
 -0.51192499
 -0.50018319
 -0.48831061
 -0.47631286
 -0.46419545
 -0.45196352
 -0.43962180
 -0.42717442
 -0.41462487
 -0.40197593
 -0.38922964
 -0.37638728
 -0.36344949
 -0.35041626
 -0.33728709
 -0.32406110
 -0.31073717
 -0.29731411
 -0.28379082
 -0.27016644
 -0.25644048
 -0.24261298
 -0.22868458
 -0.21465659
 -0.20053103
 -0.18631064
 -0.17199883
 -0.15759963
 -0.14311757
 -0.12855761
 -0.11392496
 -0.09922497
 -0.08446298
 -0.06964419
 -0.05477357
 -0.03985573
 -0.02489486
 -0.00989474
  0.00514129
  0.02021028
  0.03530963
  0.05043694
  0.06558994
  0.08076633
  0.09596363
  0.11117909
  0.12640952
  0.14165118
  0.15689975
  0.17215025
  0.18739705
  0.20263391
  0.21785406
  0.23305031
  0.24821525
  0.26334136
  0.27842128
  0.29344802
  0.30841511
  0.32331690
  0.33814863
  0.35290666
  0.36758852
  0.38219297
  0.39672002
  0.41117083
  0.42554761
  0.43985345
  0.45409212
  0.46826779
  0.48238476
  0.49644716
  0.51045869
  0.52442230
  0.53833994
  0.55221238
  0.56603898
  0.57981767
  0.59354481
  0.60721530
  0.62082259
  0.63435890
  0.64781540
  0.66118246
  0.67444996
  0.68760760
  0.70064523
  0.71355317
  0.72632253
  0.73894545
  0.75141534
  0.76372707
  0.77587705
  0.78786329
  0.79968537
  0.81134437
  0.82284270
  0.83418390
  0.84537243
  0.85641337
  0.86731213
  0.87807415
  0.88870466
  0.89920835
  0.90958921
  0.91985028
  0.92999355
  0.94001988
  0.94992897
  0.95971938
  0.96938862
  0.97893330
  0.98834927
  0.99763187
  1.00677608
  1.01577680
  1.02462907
  1.03332825
  1.04187023
  1.05025156
  1.05846961
  1.06652258
  1.07440956
  1.08213049
  1.08968613
  1.09707790
  1.10430781
  1.11137824
  1.11829179
  1.12505107
  1.13165855
  1.13811635
  1.14442606
  1.15058866
  1.15660436
  1.16247256
  1.16819178
  1.17375969
  1.17917315
  1.18442823
  1.18952039
  1.19444454
  1.19919524
  1.20376682
  1.20815357
  1.21234992
  1.21635061
  1.22015080
  1.22374629
  1.22713358
  1.23030998
  1.23327371
  1.23602395
  1.23856084
  1.24088549
  1.24299996
  1.24490724
  1.24661114
  1.24811625
  1.24942782
  1.25055169
  1.25149416
  1.25226188
  1.25286175
  1.25330080
  1.25358610
  1.25372464
  1.25372325
  1.25358854
  1.25332677
  1.25294385
  1.25244528
  1.25183608
  1.25112081
  1.25030352
  1.24938780
  1.24837674
  1.24727300
  1.24607879
  1.24479598
  1.24342608
  1.24197036
  1.24042987
  1.23880549
  1.23709804
  1.23530831
  1.23343712
  1.23148541
  1.22945423
  1.22734486
  1.22515877
  1.22289773
  1.22056378
  1.21815926
  1.21568685
  1.21314953
  1.21055062
  1.20789377
  1.20518295
  1.20242245
  1.19961686
  1.19677111
  1.19389042
  1.19098031
  1.18804662
  1.18509548
  1.18213332
  1.17916686
  1.17620313
  1.17324938
  1.17031316
  1.16740220
  1.16452444
  1.16168794
  1.15890086
  1.15617135
  1.15350753
  1.15091739
  1.14840869
  1.14598891
  1.14366517
  1.14144412
  1.13933192
  1.13733416
  1.13545581
  1.13370124
  1.13207419
  1.13057778
  1.12921457
  1.12798659
  1.12689543
  1.12594232
  1.12512824
  1.12445400
  1.12392035
  1.12352809
  1.12327817
  1.12317173
  1.12321019
  1.12339528
  1.12372905
  1.12421386
  1.12485233
  1.12564730
  1.12660170
  1.12771848
  1.12900049
  1.13045030
  1.13207012
  1.13386164
  1.13582591
  1.13796325
  1.14027312
  1.14275413
  1.14540394
  1.14821932
  1.15119615
  1.15432951
  1.15761374
  1.16104264
  1.16460953
  1.16830747
  1.17212942
  1.17606838
  1.18011762
  1.18427077
  1.18852202
  1.19286618
  1.19729880
  1.20181623
  1.20641559
  1.21109483
  1.21585266
  1.22068844
  1.22560217
  1.23059428
  1.23566561
  1.24081719
  1.24605015
  1.25136559
  1.25676448
  1.26224752
  1.26781512
  1.27346730
  1.27920371
  1.28502358
  1.29092577
  1.29690879
  1.30297089
  1.30911009
  1.31532430
  1.32161135
  1.32796912
  1.33439558
  1.34088885
  1.34744728
  1.35406940
  1.36075401
  1.36750014
  1.37430699
  1.38117394
  1.38810045
  1.39508602
  1.40213013
  1.40923212
  1.41639119
  1.42360630
  1.43087613
  1.43819906
  1.44557316
  1.45299617
  1.46046555
  1.46797851
  1.47553203
  1.48312297
  1.49074812
  1.49840427
  1.50608829
  1.51379720
  1.52152823
  1.52927888
  1.53704693
  1.54483050
  1.55262801
  1.56043819
  1.56826007
  1.57609289
  1.58393612
  1.59178934
  1.59965221
  1.60752442
  1.61540564
  1.62329544
  1.63119332
  1.63909865
  1.64701071
  1.65492865
  1.66285157
  1.67077857
  1.67870873
  1.68664126
  1.69457552
  1.70251106
  1.71044771
  1.71838560
  1.72632520
  1.73426728
  1.74221298
  1.75016367
  1.75812098
  1.76608665
  1.77406246
  1.78205011
  1.79005108
  1.79806653
  1.80609709
  1.81414282
  1.82220302
  1.83027620
  1.83835994
  1.84645086
  1.85454464
  1.86263599
  1.87071869
  1.87878571
  1.88682929
  1.89484102
  1.90281210
  1.91073338
  1.91859560
  1.92638954
  1.93410618
  1.94173682
  1.94927327
  1.95670787
  1.96403364
  1.97124428
  1.97833420
  1.98529850
  1.99213292
  1.99883378
  2.00539790
  2.01182245
  2.01810488
  2.02424280
  2.03023382
  2.03607551
  2.04176527
  2.04730025
  2.05267734
  2.05789311
  2.06294384
  2.06782553
  2.07253396
  2.07706472
  2.08141337
  2.08557546
  2.08954667
  2.09332287
  2.09690027
  2.10027544
  2.10344540
  2.10640764
  2.10916019
  2.11170155
  2.11403071
  2.11614705
  2.11805033
  2.11974056
  2.12121791
  2.12248262
  2.12353485
  2.12437464
  2.12500179
  2.12541577
  2.12561570
  2.12560028
  2.12536782
  2.12491623
  2.12424310
  2.12334572
  2.12222121
  2.12086660
  2.11927895
  2.11745547
  2.11539367
  2.11309141
  2.11054705
  2.10775953
  2.10472842
  2.10145396
  2.09793705
  2.09417928
  2.09018286
  2.08595052
  2.08148548
  2.07679128
  2.07187171
  2.06673065
  2.06137192
  2.05579923
  2.05001599
  2.04402524
  2.03782959
  2.03143114
  2.02483147
  2.01803166
  2.01103229
  2.00383349
  1.99643507
  1.98883656
  1.98103739
  1.97303693
  1.96483471
  1.95643047
  1.94782433
  1.93901686
  1.93000920
  1.92080310
  1.91140097
  1.90180591
  1.89202169
  1.88205268
  1.87190387
  1.86158071
  1.85108905
  1.84043502
  1.82962490
  1.81866504
  1.80756166
  1.79632082
  1.78494825
  1.77344930
  1.76182884
  1.75009122
  1.73824027
  1.72627921
  1.71421074
  1.70203704
  1.68975979
  1.67738027
  1.66489939
  1.65231780
  1.63963595
  1.62685418
  1.61397276
  1.60099203
  1.58791236
  1.57473430
  1.56145852
  1.54808591
  1.53461753
  1.52105466
  1.50739873
  1.49365135
  1.47981425
  1.46588923
  1.45187818
  1.43778298
  1.42360552
  1.40934765
  1.39501112
  1.38059765
  1.36610883
  1.35154620
  1.33691123
  1.32220531
  1.30742984
  1.29258622
  1.27767590
  1.26270042
  1.24766147
  1.23256091
  1.21740078
  1.20218342
  1.18691140
  1.17158759
  1.15621516
  1.14079757
  1.12533856
  1.10984212
  1.09431247
  1.07875401
  1.06317128
  1.04756886
  1.03195138
  1.01632340
  1.00068936
  0.98505353
  0.96941995
  0.95379234
  0.93817414
  0.92256840
  0.90697779
  0.89140462
  0.87585077
  0.86031782
  0.84480698
  0.82931919
  0.81385516
  0.79841544
  0.78300047
  0.76761066
  0.75224649
  0.73690852
  0.72159748
  0.70631435
  0.69106032
  0.67583690
  0.66064587
  0.64548929
  0.63036946
  0.61528891
  0.60025028
  0.58525632
  0.57030974
  0.55541317
  0.54056902
  0.52577944
  0.51104620
  0.49637063
  0.48175355
  0.46719523
  0.45269537
  0.43825312
  0.42386707
  0.40953532
  0.39525556
  0.38102513
  0.36684116
  0.35270067
  0.33860069
  0.32453843
  0.31051133
  0.29651723
  0.28255445
  0.26862184
  0.25471885
  0.24084554
  0.22700257
  0.21319115
  0.19941298
  0.18567014
  0.17196494
  0.15829986
  0.14467729
  0.13109948
  0.11756830
  0.10408516
  0.09065087
  0.07726553
  0.06392847
  0.05063824
  0.03739258
  0.02418851
  0.01102236
 -0.00211009
 -0.01521344
 -0.02829256
 -0.04135235
 -0.05439760
 -0.06743274
 -0.08046173
 -0.09348784
 -0.10651358
 -0.11954054
 -0.13256938
 -0.14559981
 -0.15863061
 -0.17165969
 -0.18468427
 -0.19770093
 -0.21070589
 -0.22369514
 -0.23666470
 -0.24961079
 -0.26253006
 -0.27541973
 -0.28827781
 -0.30110313
 -0.31389546
 -0.32665553
 -0.33938494
 -0.35208616
 -0.36476231
 -0.37741705
 -0.39005433
 -0.40267816
 -0.41529237
 -0.42790033
 -0.44050466
 -0.45310708
 -0.46570810
 -0.47830693
 -0.49090129
 -0.50348738
 -0.51605983
 -0.52861176
 -0.54113488
 -0.55361962
 -0.56605532
 -0.57843050
 -0.59073307
 -0.60295067
 -0.61507090
 -0.62708164
 -0.63897130
 -0.65072907
 -0.66234513
 -0.67381079
 -0.68511862
 -0.69626250
 -0.70723766
 -0.71804057
 -0.72866893
 -0.73912147
 -0.74939780
 -0.75949822
 -0.76942347
 -0.77917455
 -0.78875245
 -0.79815793
 -0.80739136
 -0.81645252
 -0.82534043
 -0.83405332
 -0.84258850
 -0.85094235
 -0.85911036
 -0.86708719
 -0.87486673
 -0.88244225
 -0.88980653
 -0.89695204
 -0.90387114
 -0.91055621
 -0.91699988
 -0.92319519
 -0.92913573
 -0.93481582
 -0.94023060
 -0.94537615
 -0.95024950
 -0.95484875
 -0.95917299
 -0.96322234
 -0.96699786
 -0.97050151
 -0.97373602
 -0.97670478
 -0.97941177
 -0.98186132
 -0.98405804
 -0.98600666
 -0.98771187
 -0.98917821
 -0.99040992
 -0.99141086
 -0.99218441
 -0.99273341
 -0.99306014
 -0.99316628
 -0.99305296
 -0.99272080
 -0.99216997
 -0.99140031
 -0.99041149
 -0.98920308
 -0.98777480
 -0.98612663
 -0.98425904
 -0.98217311
 -0.97987075
 -0.97735482
 -0.97462926
 -0.97169916
 -0.96857088
 -0.96525197
 -0.96175125
 -0.95807864
 -0.95424510
 -0.95026244
 -0.94614313
 -0.94190005
 -0.93754623
 -0.93309458
 -0.92855761
 -0.92394710
 -0.91927391
 -0.91454767
 -0.90977660
 -0.90496738
 -0.90012501
 -0.89525277
 -0.89035226
 -0.88542347
 -0.88046493
 -0.87547389
 -0.87044662
 -0.86537865
 -0.86026513
 -0.85510112
 -0.84988200
 -0.84460373
 -0.83926316
 -0.83385832
 -0.82838860
 -0.82285490
 -0.81725969
 -0.81160705
 -0.80590258
 -0.80015323
 -0.79436715
 -0.78855339
 -0.78272159
 -0.77688165
 -0.77104336
 -0.76521605
 -0.75940823
 -0.75362728
 -0.74787914
 -0.74216815
 -0.73649686
 -0.73086591
 -0.72527412
 -0.71971847
 -0.71419428
 -0.70869543
 -0.70321461
 -0.69774363
 -0.69227381
 -0.68679627
 -0.68130236
 -0.67578396
 -0.67023382
 -0.66464585
 -0.65901530
 -0.65333895
 -0.64761518
 -0.64184398
 -0.63602689
 -0.63016689
 -0.62426822
 -0.61833608
 -0.61237644
 -0.60639564
 -0.60040015
 -0.59439621
 -0.58838953
 -0.58238502
 -0.57638657
 -0.57039685
 -0.56441720
 -0.55844755
 -0.55248643
 -0.54653103
 -0.54057733
 -0.53462026
 -0.52865390
 -0.52267178
 -0.51666708
 -0.51063296
 -0.50456282
 -0.49845056
 -0.49229082
 -0.48607918
 -0.47981232
 -0.47348815
 -0.46710586
 -0.46066593
 -0.45417010
 -0.44762128
 -0.44102346
 -0.43438148
 -0.42770091
 -0.42098779
 -0.41424849
 -0.40748939
 -0.40071679
 -0.39393663
 -0.38715436
 -0.38037484
 -0.37360217
 -0.36683968
 -0.36008989
 -0.35335449
 -0.34663443
 -0.33993000
 -0.33324087
 -0.32656629
 -0.31990519
 -0.31325637
 -0.30661859
 -0.29999081
 -0.29337225
 -0.28676257
 -0.28016197
 -0.27357123
 -0.26699185
 -0.26042599
 -0.25387654
 -0.24734705
 -0.24084167
 -0.23436512
 -0.22792251
 -0.22151929
 -0.21516105
 -0.20885344
 -0.20260195
 -0.19641184
 -0.19028795
 -0.18423458
 -0.17825541
 -0.17235337
 -0.16653064
 -0.16078855
 -0.15512760
 -0.14954753
 -0.14404728
 -0.13862518
 -0.13327898
 -0.12800603
 -0.12280339
 -0.11766804
 -0.11259702
 -0.10758759
 -0.10263744
 -0.09774480
 -0.09290860
 -0.08812859
 -0.08340538
 -0.07874056
 -0.07413665
 -0.06959712
 -0.06512633
 -0.06072943
 -0.05641222
 -0.05218104
 -0.04804256
 -0.04400359
 -0.04007091
 -0.03625102
 -0.03254998
 -0.02897321
 -0.02552535
 -0.02221008
 -0.01903008
 -0.01598692
 -0.01308106
 -0.01031185
 -0.00767761
 -0.00517572
 -0.00280276
 -0.00055465
  0.00157316
  0.00358545
  0.00548709
  0.00728276
  0.00897682
  0.01057307
  0.01207462
  0.01348378
  0.01480191
  0.01602942
  0.01716572
  0.01820925
  0.01915754
  0.02000728
  0.02075447
  0.02139453
  0.02192248
  0.02233309
  0.02262105
  0.02278112
  0.02280832
  0.02269798
  0.02244591
  0.02204845
  0.02150251
  0.02080559
  0.01995574
  0.01895157
  0.01779209
  0.01647671
  0.01500506
  0.01337692
  0.01159205
  0.00965012
  0.00755056
  0.00529249
  0.00287462
  0.00029522
 -0.00244792
 -0.00535751
 -0.00843672
 -0.01168909
 -0.01511853
 -0.01872916
 -0.02252522
 -0.02651094
 -0.03069042
 -0.03506746
 -0.03964546
 -0.04442728
 -0.04941513
 -0.05461050
 -0.06001406
 -0.06562563
 -0.07144417
 -0.07746777
 -0.08369368
 -0.09011839
 -0.09673770
 -0.10354683
 -0.11054052
 -0.11771319
 -0.12505906
 -0.13257229
 -0.14024716
 -0.14807816
 -0.15606015
 -0.16418843
 -0.17245890
 -0.18086808
 -0.18941315
 -0.19809202
 -0.20690328
 -0.21584619
 -0.22492063
 -0.23412699
 -0.24346610
 -0.25293906
 -0.26254716
 -0.27229170
 -0.28217384
 -0.29219445
 -0.30235396
 -0.31265222
 -0.32308839
 -0.33366082
 -0.34436699
 -0.35520344
 -0.36616579
 -0.37724871
 -0.38844599
 -0.39975060
 -0.41115484
 -0.42265043
 -0.43422870
 -0.44588073
 -0.45759758
 -0.46937048
 -0.48119098
 -0.49305117
 -0.50494385
 -0.51686265
 -0.52880216
 -0.54075801
 -0.55272693
 -0.56470671
 -0.57669624
 -0.58869538
 -0.60070485
 -0.61272614
 -0.62476130
 -0.63681274
 -0.64888307
 -0.66097487
 -0.67309049
 -0.68523186
 -0.69740032
 -0.70959649
 -0.72182014
 -0.73407017
 -0.74634454
 -0.75864029
 -0.77095363
 -0.78328002
 -0.79561433
 -0.80795096
 -0.82028408
 -0.83260782
 -0.84491647
 -0.85720466
 -0.86946761
 -0.88170123
 -0.89390230
 -0.90606854
 -0.91819869
 -0.93029247
 -0.94235058
 -0.95437462
 -0.96636690
 -0.97833037
 -0.99026831
 -1.00218421
 -1.01408148
 -1.02596321
 -1.03783198
 -1.04968963
 -1.06153706
 -1.07337413
 -1.08519950
 -1.09701062
 -1.10880371
 -1.12057379
 -1.13231481
 -1.14401978
 -1.15568096
 -1.16729005
 -1.17883850
 -1.19031768
 -1.20171922
 -1.21303521
 -1.22425845
 -1.23538266
 -1.24640265
 -1.25731440
 -1.26811519
 -1.27880358
 -1.28937938
 -1.29984355
 -1.31019808
 -1.32044579
 -1.33059010
 -1.34063480
 -1.35058377
 -1.36044072
 -1.37020891
 -1.37989092
 -1.38948842
 -1.39900197
 -1.40843090
 -1.41777323
 -1.42702559
 -1.43618329
 -1.44524034
 -1.45418965
 -1.46302311
 -1.47173189
 -1.48030664
 -1.48873774
 -1.49701564
 -1.50513106
 -1.51307529
 -1.52084043
 -1.52841961
 -1.53580714
 -1.54299861
 -1.54999101
 -1.55678271
 -1.56337343
 -1.56976416
 -1.57595700
 -1.58195496
 -1.58776179
 -1.59338171
 -1.59881913
 -1.60407842
 -1.60916361
 -1.61407819
 -1.61882486
 -1.62340534
 -1.62782025
 -1.63206902
 -1.63614981
 -1.64005956
 -1.64379404
 -1.64734793
 -1.65071502
 -1.65388838
 -1.65686059
 -1.65962397
 -1.66217087
 -1.66449390
 -1.66658621
 -1.66844169
 -1.67005520
 -1.67142274
 -1.67254156
 -1.67341028
 -1.67402891
 -1.67439885
 -1.67452282
 -1.67440478
 -1.67404978
 -1.67346382
 -1.67265359
 -1.67162634
 -1.67038962
 -1.66895105
 -1.66731816
 -1.66549815
 -1.66349777
 -1.66132316
 -1.65897975
 -1.65647222
 -1.65380446
 -1.65097960
 -1.64800002
 -1.64486750
 -1.64158328
 -1.63814818
 -1.63456280
 -1.63082759
 -1.62694309
 -1.62290997
 -1.61872924
 -1.61440230
 -1.60993103
 -1.60531786
 -1.60056577
 -1.59567826
 -1.59065933
 -1.58551341
 -1.58024523
 -1.57485972
 -1.56936186
 -1.56375656
 -1.55804845
 -1.55224179
 -1.54634029
 -1.54034701
 -1.53426422
 -1.52809334
 -1.52183487
 -1.51548836
 -1.50905242
 -1.50252473
 -1.49590213
 -1.48918067
 -1.48235571
 -1.47542211
 -1.46837427
 -1.46120638
 -1.45391251
 -1.44648677
 -1.43892351
 -1.43121738
 -1.42336354
 -1.41535772
 -1.40719632
 -1.39887649
 -1.39039621
 -1.38175425
 -1.37295025
 -1.36398465
 -1.35485868
 -1.34557432
 -1.33613419
 -1.32654152
 -1.31680002
 -1.30691377
 -1.29688717
 -1.28672475
 -1.27643112
 -1.26601086
 -1.25546838
 -1.24480786
 -1.23403313
 -1.22314764
 -1.21215435
 -1.20105572
 -1.18985364
 -1.17854943
 -1.16714385
 -1.15563706
 -1.14402872
 -1.13231799
 -1.12050358
 -1.10858384
 -1.09655686
 -1.08442052
 -1.07217263
 -1.05981099
 -1.04733354
 -1.03473844
 -1.02202415
 -1.00918958
 -0.99623412
 -0.98315772
 -0.96996095
 -0.95664505
 -0.94321192
 -0.92966415
 -0.91600497
 -0.90223824
 -0.88836836
 -0.87440025
 -0.86033922
 -0.84619090
 -0.83196112
 -0.81765585
 -0.80328105
 -0.78884259
 -0.77434618
 -0.75979729
 -0.74520106
 -0.73056231
 -0.71588547
 -0.70117461
 -0.68643344
 -0.67166537
 -0.65687354
 -0.64206093
 -0.62723042
 -0.61238489
 -0.59752733
 -0.58266094
 -0.56778924
 -0.55291615
 -0.53804607
 -0.52318395
 -0.50833533
 -0.49350639
 -0.47870389
 -0.46393522
 -0.44920828
 -0.43453146
 -0.41991352
 -0.40536347
 -0.39089046
 -0.37650364
 -0.36221200
 -0.34802424
 -0.33394861
 -0.31999280
 -0.30616380
 -0.29246782
 -0.27891020
 -0.26549538
 -0.25222685
 -0.23910717
 -0.22613801
 -0.21332023
 -0.20065391
 -0.18813855
 -0.17577311
 -0.16355622
 -0.15148632
 -0.13956179
 -0.12778111
 -0.11614303
 -0.10464666
 -0.09329160
 -0.08207802
 -0.07100670
 -0.06007907
 -0.04929720
 -0.03866373
 -0.02818185
 -0.01785519
 -0.00768765
  0.00231668
  0.01215369
  0.02181945
  0.03131033
  0.04062317
  0.04975545
  0.05870536
  0.06747199
  0.07605532
  0.08445634
  0.09267698
  0.10072018
  0.10858976
  0.11629035
  0.12382729
  0.13120647
  0.13843419
  0.14551697
  0.15246136
  0.15927381
  0.16596046
  0.17252700
  0.17897854
  0.18531953
  0.19155362
  0.19768370
  0.20371181
  0.20963923
  0.21546649
  0.22119346
  0.22681948
  0.23234346
  0.23776404
  0.24307971
  0.24828899
  0.25339055
  0.25838333
  0.26326667
  0.26804042
  0.27270497
  0.27726132
  0.28171107
  0.28605645
  0.29030026
  0.29444583
  0.29849695
  0.30245778
  0.30633277
  0.31012657
  0.31384393
  0.31748962
  0.32106839
  0.32458484
  0.32804344
  0.33144849
  0.33480406
  0.33811405
  0.34138216
  0.34461192
  0.34780674
  0.35096991
  0.35410464
  0.35721406
  0.36030128
  0.36336935
  0.36642125
  0.36945989
  0.37248807
  0.37550838
  0.37852323
  0.38153470
  0.38454452
  0.38755399
  0.39056394
  0.39357462
  0.39658574
  0.39959641
  0.40260514
  0.40560990
  0.40860812
  0.41159680
  0.41457259
  0.41753186
  0.42047088
  0.42338591
  0.42627332
  0.42912977
  0.43195224
  0.43473821
  0.43748570
  0.44019335
  0.44286043
  0.44548685
  0.44807315
  0.45062042
  0.45313025
  0.45560460
  0.45804572
  0.46045599
  0.46283780
  0.46519344
  0.46752496
  0.46983408
  0.47212207
  0.47438974
  0.47663736
  0.47886469
  0.48107097
  0.48325499
  0.48541515
  0.48754956
  0.48965615
  0.49173278
  0.49377739
  0.49578806
  0.49776317
  0.49970150
  0.50160226
  0.50346515
  0.50529043
  0.50707886
  0.50883171
  0.51055069
  0.51223787
  0.51389558
  0.51552633
  0.51713266
  0.51871704
  0.52028176
  0.52182881
  0.52335982
  0.52487595
  0.52637788
  0.52786577
  0.52933925
  0.53079748
  0.53223916
  0.53366261
  0.53506587
  0.53644676
  0.53780301
  0.53913236
  0.54043262
  0.54170181
  0.54293820
  0.54414038
  0.54530731
  0.54643834
  0.54753320
  0.54859203
  0.54961527
  0.55060371
  0.55155836
  0.55248042
  0.55337122
  0.55423213
  0.55506451
  0.55586965
  0.55664873
  0.55740277
  0.55813264
  0.55883899
  0.55952231
  0.56018288
  0.56082085
  0.56143624
  0.56202895
  0.56259882
  0.56314567
  0.56366930
  0.56416953
  0.56464624
  0.56509937
  0.56552893
  0.56593500
  0.56631775
  0.56667741
  0.56701430
  0.56732879
  0.56762132
  0.56789240
  0.56814258
  0.56837250
  0.56858289
  0.56877458
  0.56894851
  0.56910577
  0.56924764
  0.56937556
  0.56949118
  0.56959637
  0.56969322
  0.56978399
  0.56987116
  0.56995730
  0.57004510
  0.57013726
  0.57023642
  0.57034509
  0.57046552
  0.57059965
  0.57074898
  0.57091450
  0.57109658
  0.57129494
  0.57150855
  0.57173565
  0.57197371
  0.57221942
  0.57246879
  0.57271713
  0.57295922
  0.57318932
  0.57340136
  0.57358902
  0.57374587
  0.57386553
  0.57394176
  0.57396860
  0.57394046
  0.57385225
  0.57369939
  0.57347789
  0.57318435
  0.57281600
  0.57237058
  0.57184641
  0.57124220
  0.57055707
  0.56979039
  0.56894172
  0.56801065
  0.56699678
  0.56589957
  0.56471826
  0.56345182
  0.56209888
  0.56065770
  0.55912614
  0.55750166
  0.55578132
  0.55396181
  0.55203950
  0.55001046
  0.54787051
  0.54561530
  0.54324031
  0.54074097
  0.53811265
  0.53535070
  0.53245051
  0.52940753
  0.52621726
  0.52287528
  0.51937726
  0.51571891
  0.51189605
  0.50790455
  0.50374034
  0.49939938
  0.49487773
  0.49017147
  0.48527676
  0.48018983
  0.47490702
  0.46942475
  0.46373962
  0.45784837
  0.45174793
  0.44543545
  0.43890832
  0.43216418
  0.42520092
  0.41801673
  0.41061005
  0.40297961
  0.39512437
  0.38704355
  0.37873660
  0.37020315
  0.36144301
  0.35245615
  0.34324269
  0.33380281
  0.32413684
  0.31424517
  0.30412829
  0.29378673
  0.28322115
  0.27243225
  0.26142087
  0.25018789
  0.23873435
  0.22706135
  0.21517011
  0.20306194
  0.19073823
  0.17820040
  0.16544991
  0.15248822
  0.13931668
  0.12593660
  0.11234909
  0.09855509
  0.08455530
  0.07035014
  0.05593978
  0.04132405
  0.02650253
  0.01147454
 -0.00376083
 -0.01920458
 -0.03485782
 -0.05072155
 -0.06679663
 -0.08308359
 -0.09958255
 -0.11629299
 -0.13321373
 -0.15034271
 -0.16767691
 -0.18521230
 -0.20294372
 -0.22086490
 -0.23896843
 -0.25724584
 -0.27568763
 -0.29428346
 -0.31302221
 -0.33189224
 -0.35088157
 -0.36997807
 -0.38916975
 -0.40844496
 -0.42779262
 -0.44720246
 -0.46666515
 -0.48617253
 -0.50571765
 -0.52529489
 -0.54489996
 -0.56452987
 -0.58418284
 -0.60385819
 -0.62355615
 -0.64327764
 -0.66302406
 -0.68279699
 -0.70259794
 -0.72242806
 -0.74228791
 -0.76217723
 -0.78209468
 -0.80203779
 -0.82200274
 -0.84198442
 -0.86197636
 -0.88197086
 -0.90195909
 -0.92193128
 -0.94187694
 -0.96178517
 -0.98164489
 -1.00144519
 -1.02117561
 -1.04082646
 -1.06038905
 -1.07985595
 -1.09922115
 -1.11848018
 -1.13763015
 -1.15666977
 -1.17559926
 -1.19442017
 -1.21313521
 -1.23174798
 -1.25026268
 -1.26868374
 -1.28701554
 -1.30526203
 -1.32342644
 -1.34151097
 -1.35951654
 -1.37744262
 -1.39528712
 -1.41304634
 -1.43071498
 -1.44828626
 -1.46575214
 -1.48310347
 -1.50033039
 -1.51742259
 -1.53436974
 -1.55116180
 -1.56778942
 -1.58424429
 -1.60051940
 -1.61660932
 -1.63251035
 -1.64822061
 -1.66374006
 -1.67907042
 -1.69421502
 -1.70917855
 -1.72396673
 -1.73858600
 -1.75304306
 -1.76734448
 -1.78149624
 -1.79550334
 -1.80936939
 -1.82309630
 -1.83668399
 -1.85013025
 -1.86343058
 -1.87657824
 -1.88956433
 -1.90237796
 -1.91500653
 -1.92743606
 -1.93965161
 -1.95163771
 -1.96337884
 -1.97485990
 -1.98606661
 -1.99698602
 -2.00760679
 -2.01791952
 -2.02791696
 -2.03759410
 -2.04694824
 -2.05597889
 -2.06468759
 -2.07307771
 -2.08115411
 -2.08892273
 -2.09639026
 -2.10356360
 -2.11044952
 -2.11705414
 -2.12338264
 -2.12943884
 -2.13522499
 -2.14074152
 -2.14598699
 -2.15095800
 -2.15564928
 -2.16005383
 -2.16416311
 -2.16796734
 -2.17145578
 -2.17461712
 -2.17743982
 -2.17991248
 -2.18202419
 -2.18376486
 -2.18512545
 -2.18609823
 -2.18667689
 -2.18685663
 -2.18663419
 -2.18600776
 -2.18497692
 -2.18354241
 -2.18170594
 -2.17946996
 -2.17683742
 -2.17381145
 -2.17039519
 -2.16659152
 -2.16240288
 -2.15783116
 -2.15287758
 -2.14754267
 -2.14182633
 -2.13572786
 -2.12924612
 -2.12237973
 -2.11512724
 -2.10748740
 -2.09945940
 -2.09104313
 -2.08223940
 -2.07305014
 -2.06347862
 -2.05352955
 -2.04320916
 -2.03252522
 -2.02148706
 -2.01010542
 -1.99839235
 -1.98636099
 -1.97402540
 -1.96140023
 -1.94850053
 -1.93534141
 -1.92193777
 -1.90830406
 -1.89445404
 -1.88040057
 -1.86615546
 -1.85172934
 -1.83713164
 -1.82237055
 -1.80745307
 -1.79238510
 -1.77717157
 -1.76181662
 -1.74632375
 -1.73069607
 -1.71493647
 -1.69904783
 -1.68303323
 -1.66689610
 -1.65064033
 -1.63427042
 -1.61779147
 -1.60120923
 -1.58453009
 -1.56776094
 -1.55090913
 -1.53398228
 -1.51698816
 -1.49993447
 -1.48282871
 -1.46567792
 -1.44848862
 -1.43126657
 -1.41401669
 -1.39674301
 -1.37944855
 -1.36213542
 -1.34480478
 -1.32745694
 -1.31009153
 -1.29270758
 -1.27530377
 -1.25787856
 -1.24043043
 -1.22295810
 -1.20546064
 -1.18793774
 -1.17038977
 -1.15281794
 -1.13522431
 -1.11761185
 -1.09998441
 -1.08234660
 -1.06470373
 -1.04706161
 -1.02942641
 -1.01180439
 -0.99420173
 -0.97662429
 -0.95907736
 -0.94156550
 -0.92409235
 -0.90666047
 -0.88927126
 -0.87192493
 -0.85462043
 -0.83735556
 -0.82012705
 -0.80293065
 -0.78576137
 -0.76861365
 -0.75148158
 -0.73435916
 -0.71724048
 -0.70012001
 -0.68299274
 -0.66585440
 -0.64870156
 -0.63153170
 -0.61434331
 -0.59713585
 -0.57990969
 -0.56266602
 -0.54540675
 -0.52813428
 -0.51085141
 -0.49356104
 -0.47626607
 -0.45896914
 -0.44167254
 -0.42437799
 -0.40708660
 -0.38979878
 -0.37251422
 -0.35523194
 -0.33795033
 -0.32066729
 -0.30338033
 -0.28608678
 -0.26878394
 -0.25146930
 -0.23414073
 -0.21679660
 -0.19943601
 -0.18205886
 -0.16466593
 -0.14725895
 -0.12984058
 -0.11241435
 -0.09498457
 -0.07755621
 -0.06013470
 -0.04272577
 -0.02533520
 -0.00796866
  0.00936857
  0.02667175
  0.04393690
  0.06116089
  0.07834162
  0.09547805
  0.11257020
  0.12961921
  0.14662718
  0.16359714
  0.18053289
  0.19743883
  0.21431979
  0.23118085
  0.24802712
  0.26486359
  0.28169493
  0.29852540
  0.31535867
  0.33219777
  0.34904507
  0.36590221
  0.38277015
  0.39964924
  0.41653925
  0.43343950
  0.45034899
  0.46726646
  0.48419056
  0.50111994
  0.51805337
  0.53498981
  0.55192849
  0.56886896
  0.58581109
  0.60275509
  0.61970151
  0.63665115
  0.65360506
  0.67056446
  0.68753068
  0.70450505
  0.72148890
  0.73848348
  0.75548986
  0.77250898
  0.78954156
  0.80658813
  0.82364902
  0.84072437
  0.85781419
  0.87491837
  0.89203672
  0.90916904
  0.92631514
  0.94347490
  0.96064828
  0.97783537
  0.99503640
  1.01225173
  1.02948189
  1.04672754
  1.06398942
  1.08126841
  1.09856538
  1.11588127
  1.13321696
  1.15057326
  1.16795087
  1.18535033
  1.20277196
  1.22021585
  1.23768181
  1.25516931
  1.27267747
  1.29020500
  1.30775020
  1.32531091
  1.34288447
  1.36046771
  1.37805696
  1.39564800
  1.41323608
  1.43081594
  1.44838181
  1.46592749
  1.48344637
  1.50093152
  1.51837577
  1.53577186
  1.55311247
  1.57039046
  1.58759891
  1.60473131
  1.62178171
  1.63874479
  1.65561602
  1.67239174
  1.68906921
  1.70564666
  1.72212327
  1.73849916
  1.75477528
  1.77095335
  1.78703566
  1.80302494
  1.81892417
  1.83473634
  1.85046427
  1.86611039
  1.88167655
  1.89716387
  1.91257257
  1.92790188
  1.94315001
  1.95831409
  1.97339026
  1.98837375
  2.00325899
  2.01803979
  2.03270954
  2.04726143
  2.06168870
  2.07598481
  2.09014374
  2.10416009
  2.11802932
  2.13174780
  2.14531291
  2.15872304
  2.17197757
  2.18507678
  2.19802167
  2.21081387
  2.22345537
  2.23594833
  2.24829486
  2.26049678
  2.27255544
  2.28447156
  2.29624505
  2.30787499
  2.31935955
  2.33069605
  2.34188101
  2.35291029
  2.36377926
  2.37448298
  2.38501645
  2.39537485
  2.40555373
  2.41554924
  2.42535834
  2.43497890
  2.44440983
  2.45365108
  2.46270364
  2.47156948
  2.48025135
  2.48875267
  2.49707727
  2.50522913
  2.51321213
  2.52102978
  2.52868496
  2.53617969
  2.54351497
  2.55069061
  2.55770517
  2.56455597
  2.57123910
  2.57774955
  2.58408139
  2.59022798
  2.59618225
  2.60193695
  2.60748496
  2.61281959
  2.61793482
  2.62282554
  2.62748775
  2.63191868
  2.63611686
  2.64008211
  2.64381549
  2.64731914
  2.65059614
  2.65365023
  2.65648556
  2.65910641
  2.66151689
  2.66372063
  2.66572055
  2.66751862
  2.66911568
  2.67051132
  2.67170383
  2.67269022
  2.67346626
  2.67402665
  2.67436518
  2.67447498
  2.67434881
  2.67397928
  2.67335920
  2.67248185
  2.67134122
  2.66993223
  2.66825096
  2.66629472
  2.66406217
  2.66155331
  2.65876942
  2.65571302
  2.65238763
  2.64879766
  2.64494817
  2.64084460
  2.63649255
  2.63189753
  2.62706472
  2.62199876
  2.61670361
  2.61118236
  2.60543717
  2.59946923
  2.59327874
  2.58686494
  2.58022623
  2.57336025
  2.56626406
  2.55893427
  2.55136725
  2.54355931
  2.53550686
  2.52720663
  2.51865577
  2.50985204
  2.50079393
  2.49148070
  2.48191246
  2.47209023
  2.46201591
  2.45169224
  2.44112278
  2.43031181
  2.41926423
  2.40798543
  2.39648118
  2.38475747
  2.37282034
  2.36067575
  2.34832941
  2.33578660
  2.32305208
  2.31012989
  2.29702329
  2.28373459
  2.27026518
  2.25661539
  2.24278452
  2.22877086
  2.21457175
  2.20018367
  2.18560235
  2.17082299
  2.15584038
  2.14064920
  2.12524420
  2.10962049
  2.09377377
  2.07770061
  2.06139866
  2.04486686
  2.02810564
  2.01111700
  1.99390463
  1.97647391
  1.95883187
  1.94098710
  1.92294957
  1.90473043
  1.88634175
  1.86779621
  1.84910678
  1.83028637
  1.81134752
  1.79230206
  1.77316081
  1.75393335
  1.73462779
  1.71525070
  1.69580697
  1.67629990
  1.65673120
  1.63710122
  1.61740910
  1.59765305
  1.57783070
  1.55793933
  1.53797631
  1.51793936
  1.49782686
  1.47763817
  1.45737377
  1.43703548
  1.41662652
  1.39615153
  1.37561652
  1.35502875
  1.33439656
  1.31372913
  1.29303619
  1.27232779
  1.25161393
  1.23090432
  1.21020812
  1.18953365
  1.16888829
  1.14827828
  1.12770871
  1.10718350
  1.08670544
  1.06627636
  1.04589725
  1.02556851
  1.00529014
  0.98506203
  0.96488418
  0.94475690
  0.92468109
  0.90465831
  0.88469094
  0.86478226
  0.84493641
  0.82515835
  0.80545378
  0.78582900
  0.76629070
  0.74684581
  0.72750122
  0.70826367
  0.68913947
  0.67013437
  0.65125342
  0.63250090
  0.61388024
  0.59539406
  0.57704416
  0.55883167
  0.54075715
  0.52282071
  0.50502221
  0.48736139
  0.46983807
  0.45245222
  0.43520411
  0.41809437
  0.40112404
  0.38429448
  0.36760741
  0.35106472
  0.33466839
  0.31842031
  0.30232211
  0.28637498
  0.27057949
  0.25493546
  0.23944183
  0.22409655
  0.20889659
  0.19383795
  0.17891569
  0.16412412
  0.14945686
  0.13490716
  0.12046804
  0.10613258
  0.09189413
  0.07774660
  0.06368461
  0.04970374
  0.03580059
  0.02197290
  0.00821956
 -0.00545943
 -0.01906306
 -0.03258945
 -0.04603607
 -0.05939992
 -0.07267787
 -0.08586684
 -0.09896411
 -0.11196754
 -0.12487578
 -0.13768846
 -0.15040628
 -0.16303107
 -0.17556581
 -0.18801453
 -0.20038223
 -0.21267468
 -0.22489822
 -0.23705951
 -0.24916526
 -0.26122199
 -0.27323572
 -0.28521179
 -0.29715461
 -0.30906750
 -0.32095259
 -0.33281076
 -0.34464159
 -0.35644348
 -0.36821366
 -0.37994841
 -0.39164318
 -0.40329285
 -0.41489187
 -0.42643457
 -0.43791532
 -0.44932874
 -0.46066990
 -0.47193444
 -0.48311871
 -0.49421980
 -0.50523562
 -0.51616484
 -0.52700690
 -0.53776191
 -0.54843056
 -0.55901400
 -0.56951375
 -0.57993152
 -0.59026913
 -0.60052837
 -0.61071092
 -0.62081822
 -0.63085143
 -0.64081138
 -0.65069850
 -0.66051284
 -0.67025403
 -0.67992130
 -0.68951350
 -0.69902909
 -0.70846621
 -0.71782267
 -0.72709599
 -0.73628344
 -0.74538204
 -0.75438864
 -0.76329992
 -0.77211245
 -0.78082275
 -0.78942733
 -0.79792275
 -0.80630573
 -0.81457319
 -0.82272236
 -0.83075085
 -0.83865675
 -0.84643869
 -0.85409591
 -0.86162833
 -0.86903653
 -0.87632180
 -0.88348608
 -0.89053192
 -0.89746238
 -0.90428095
 -0.91099135
 -0.91759742
 -0.92410293
 -0.93051141
 -0.93682594
 -0.94304904
 -0.94918249
 -0.95522722
 -0.96118327
 -0.96704971
 -0.97282471
 -0.97850557
 -0.98408885
 -0.98957050
 -0.99494613
 -1.00021113
 -1.00536100
 -1.01039154
 -1.01529912
 -1.02008092
 -1.02473506
 -1.02926082
 -1.03365867
 -1.03793035
 -1.04207885
 -1.04610828
 -1.05002375
 -1.05383117
 -1.05753702
 -1.06114801
 -1.06467084
 -1.06811186
 -1.07147681
 -1.07477050
 -1.07799662
 -1.08115754
 -1.08425420
 -1.08728604
 -1.09025106
 -1.09314585
 -1.09596577
 -1.09870517
 -1.10135764
 -1.10391628
 -1.10637403
 -1.10872399
 -1.11095969
 -1.11307541
 -1.11506638
 -1.11692894
 -1.11866075
 -1.12026073
 -1.12172916
 -1.12306753
 -1.12427844
 -1.12536544
 -1.12633276
 -1.12718509
 -1.12792734
 -1.12856436
 -1.12910070
 -1.12954040
 -1.12988683
 -1.13014255
 -1.13030924
 -1.13038770
 -1.13037784
 -1.13027878
 -1.13008900
 -1.12980644
 -1.12942870
 -1.12895323
 -1.12837748
 -1.12769907
 -1.12691595
 -1.12602647
 -1.12502946
 -1.12392425
 -1.12271066
 -1.12138891
 -1.11995955
 -1.11842334
 -1.11678109
 -1.11503351
 -1.11318110
 -1.11122396
 -1.10916174
 -1.10699350
 -1.10471773
 -1.10233230
 -1.09983451
 -1.09722119
 -1.09448880
 -1.09163353
 -1.08865154
 -1.08553904
 -1.08229251
 -1.07890884
 -1.07538544
 -1.07172037
 -1.06791234
 -1.06396080
 -1.05986584
 -1.05562818
 -1.05124900
 -1.04672985
 -1.04207245
 -1.03727852
 -1.03234961
 -1.02728692
 -1.02209114
 -1.01676236
 -1.01130000
 -1.00570274
 -0.99996857
 -0.99409488
 -0.98807853
 -0.98191607
 -0.97560386
 -0.96913835
 -0.96251626
 -0.95573482
 -0.94879196
 -0.94168647
 -0.93441815
 -0.92698786
 -0.91939756
 -0.91165024
 -0.90374983
 -0.89570105
 -0.88750917
 -0.87917975
 -0.87071841
 -0.86213045
 -0.85342062
 -0.84459282
 -0.83564984
 -0.82659316
 -0.81742282
 -0.80813732
 -0.79873362
 -0.78920722
 -0.77955227
 -0.76976178
 -0.75982790
 -0.74974218
 -0.73949598
 -0.72908074
 -0.71848843
 -0.70771182
 -0.69674482
 -0.68558277
 -0.67422262
 -0.66266311
 -0.65090485
 -0.63895033
 -0.62680388
 -0.61447153
 -0.60196086
 -0.58928075
 -0.57644115
 -0.56345277
 -0.55032681
 -0.53707464
 -0.52370754
 -0.51023645
 -0.49667172
 -0.48302294
 -0.46929882
 -0.45550706
 -0.44165435
 -0.42774630
 -0.41378756
 -0.39978181
 -0.38573190
 -0.37163998
 -0.35750759
 -0.34333583
 -0.32912550
 -0.31487725
 -0.30059165
 -0.28626940
 -0.27191138
 -0.25751873
 -0.24309300
 -0.22863616
 -0.21415067
 -0.19963955
 -0.18510639
 -0.17055540
 -0.15599142
 -0.14141994
 -0.12684709
 -0.11227964
 -0.09772496
 -0.08319101
 -0.06868627
 -0.05421968
 -0.03980052
 -0.02543834
 -0.01114285
  0.00307626
  0.01720943
  0.03124739
  0.04518126
  0.05900277
  0.07270429
  0.08627898
  0.09972087
  0.11302484
  0.12618667
  0.13920299
  0.15207120
  0.16478931
  0.17735588
  0.18976977
  0.20202995
  0.21413535
  0.22608460
  0.23787588
  0.24950674
  0.26097398
  0.27227358
  0.28340064
  0.29434945
  0.30511355
  0.31568586
  0.32605892
  0.33622511
  0.34617690
  0.35590719
  0.36540960
  0.37467876
  0.38371057
  0.39250248
  0.40105360
  0.40936486
  0.41743905
  0.42528072
  0.43289613
  0.44029300
  0.44748028
  0.45446777
  0.46126577
  0.46788468
  0.47433454
  0.48062469
  0.48676332
  0.49275717
  0.49861126
  0.50432868
  0.50991052
  0.51535580
  0.52066160
  0.52582323
  0.53083447
  0.53568790
  0.54037533
  0.54488816
  0.54921789
  0.55335651
  0.55729696
  0.56103349
  0.56456198
  0.56788015
  0.57098777
  0.57388668
  0.57658078
  0.57907587
  0.58137948
  0.58350058
  0.58544921
  0.58723612
  0.58887237
  0.59036886
  0.59173601
  0.59298334
  0.59411917
  0.59515039
  0.59608223
  0.59691822
  0.59766012
  0.59830799
  0.59886035
  0.59931432
  0.59966591
  0.59991026
  0.60004199
  0.60005546
  0.59994509
  0.59970563
  0.59933241
  0.59882150
  0.59816986
  0.59737543
  0.59643712
  0.59535480
  0.59412920
  0.59276176
  0.59125449
  0.58960974
  0.58783005
  0.58591789
  0.58387550
  0.58170469
  0.57940674
  0.57698225
  0.57443110
  0.57175240
  0.56894454
  0.56600521
  0.56293155
  0.55972020
  0.55636752
  0.55286970
  0.54922297
  0.54542374
  0.54146876
  0.53735533
  0.53308132
  0.52864540
  0.52404701
  0.51928648
  0.51436503
  0.50928475
  0.50404859
  0.49866030
  0.49312436
  0.48744589
  0.48163055
  0.47568443
  0.46961394
  0.46342572
  0.45712649
  0.45072294
  0.44422171
  0.43762917
  0.43095147
  0.42419435
  0.41736317
  0.41046282
  0.40349770
  0.39647169
  0.38938816
  0.38225000
  0.37505962
  0.36781902
  0.36052986
  0.35319353
  0.34581126
  0.33838422
  0.33091366
  0.32340100
  0.31584799
  0.30825684
  0.30063030
  0.29297182
  0.28528561
  0.27757670
  0.26985100
  0.26211530
  0.25437726
  0.24664537
  0.23892884
  0.23123751
  0.22358171
  0.21597210
  0.20841950
  0.20093469
  0.19352827
  0.18621044
  0.17899086
  0.17187853
  0.16488161
  0.15800744
  0.15126239
  0.14465192
  0.13818060
  0.13185214
  0.12566952
  0.11963512
  0.11375081
  0.10801816
  0.10243858
  0.09701346
  0.09174437
  0.08663309
  0.08168183
  0.07689322
  0.07227036
  0.06781687
  0.06353683
  0.05943474
  0.05551540
  0.05178387
  0.04824526
  0.04490467
  0.04176704
  0.03883696
  0.03611865
  0.03361578
  0.03133141
  0.02926797
  0.02742719
  0.02581012
  0.02441714
  0.02324804
  0.02230207
  0.02157801
  0.02107429
  0.02078906
  0.02072030
  0.02086591
  0.02122374
  0.02179173
  0.02256785
  0.02355022
  0.02473704
  0.02612659
  0.02771723
  0.02950732
  0.03149521
  0.03367915
  0.03605724
  0.03862740
  0.04138734
  0.04433449
  0.04746605
  0.05077891
  0.05426976
  0.05793504
  0.06177102
  0.06577385
  0.06993962
  0.07426443
  0.07874440
  0.08337579
  0.08815503
  0.09307873
  0.09814373
  0.10334713
  0.10868626
  0.11415868
  0.11976218
  0.12549471
  0.13135438
  0.13733943
  0.14344814
  0.14967888
  0.15602999
  0.16249985
  0.16908680
  0.17578921
  0.18260541
  0.18953380
  0.19657282
  0.20372101
  0.21097702
  0.21833970
  0.22580810
  0.23338150
  0.24105947
  0.24884184
  0.25672873
  0.26472054
  0.27281794
  0.28102182
  0.28933326
  0.29775348
  0.30628380
  0.31492557
  0.32368010
  0.33254862
  0.34153221
  0.35063177
  0.35984796
  0.36918114
  0.37863139
  0.38819844
  0.39788169
  0.40768017
  0.41759256
  0.42761718
  0.43775200
  0.44799467
  0.45834248
  0.46879244
  0.47934128
  0.48998546
  0.50072123
  0.51154464
  0.52245161
  0.53343795
  0.54449945
  0.55563192
  0.56683126
  0.57809355
  0.58941511
  0.60079258
  0.61222296
  0.62370375
  0.63523289
  0.64680891
  0.65843084
  0.67009830
  0.68181142
  0.69357079
  0.70537741
  0.71723258
  0.72913780
  0.74109461
  0.75310449
  0.76516867
  0.77728804
  0.78946299
  0.80169330
  0.81397807
  0.82631564
  0.83870358
  0.85113867
  0.86361701
  0.87613401
  0.88868461
  0.90126332
  0.91386443
  0.92648219
  0.93911095
  0.95174532
  0.96438036
  0.97701165
  0.98963536
  1.00224836
  1.01484815
  1.02743284
  1.04000103
  1.05255170
  1.06508404
  1.07759723
  1.09009023
  1.10256159
  1.11500923
  1.12743027
  1.13982084
  1.15217604
  1.16448987
  1.17675519
  1.18896387
  1.20110685
  1.21317436
  1.22515614
  1.23704173
  1.24882072
  1.26048309
  1.27201952
  1.28342160
  1.29468216
  1.30579539
  1.31675700
  1.32756429
  1.33821612
  1.34871284
  1.35905614
  1.36924882
  1.37929452
  1.38919745
  1.39896199
  1.40859240
  1.41809250
  1.42746530
  1.43671280
  1.44583577
  1.45483358
  1.46370413
  1.47244387
  1.48104783
  1.48950979
  1.49782244
  1.50597763
  1.51396661
  1.52178034
  1.52940971
  1.53684586
  1.54408039
  1.55110550
  1.55791419
  1.56450027
  1.57085844
  1.57698420
  1.58287377
  1.58852397
  1.59393203
  1.59909543
  1.60401168
  1.60867814
  1.61309188
  1.61724954
  1.62114726
  1.62478062
  1.62814469
  1.63123406
  1.63404300
  1.63656560
  1.63879591
  1.64072822
  1.64235718
  1.64367803
  1.64468679
  1.64538034
  1.64575650
  1.64581412
  1.64555299
  1.64497379
  1.64407795
  1.64286746
  1.64134470
  1.63951216
  1.63737222
  1.63492695
  1.63217785
  1.62912576
  1.62577065
  1.62211163
  1.61814690
  1.61387382
  1.60928903
  1.60438860
  1.59916823
  1.59362350
  1.58775008
  1.58154398
  1.57500178
  1.56812077
  1.56089913
  1.55333596
  1.54543135
  1.53718626
  1.52860249
  1.51968244
  1.51042895
  1.50084509
  1.49093383
  1.48069787
  1.47013943
  1.45926001
  1.44806033
  1.43654025
  1.42469877
  1.41253419
  1.40004420
  1.38722618
  1.37407747
  1.36059567
  1.34677906
  1.33262687
  1.31813967
  1.30331959
  1.28817060
  1.27269857
  1.25691137
  1.24081876
  1.22443228
  1.20776494
  1.19083091
  1.17364511
  1.15622272
  1.13857873
  1.12072746
  1.10268207
  1.08445421
  1.06605369
  1.04748824
  1.02876341
  1.00988259
  0.99084713
  0.97165657
  0.95230897
  0.93280137
  0.91313023
  0.89329194
  0.87328335
  0.85310222
  0.83274766
  0.81222045
  0.79152332
  0.77066099
  0.74964023
  0.72846969
  0.70715965
  0.68572168
  0.66416817
  0.64251186
  0.62076530
  0.59894030
  0.57704751
  0.55509592
  0.53309258
  0.51104236
  0.48894785
  0.46680942
  0.44462538
  0.42239230
  0.40010537
  0.37775894
  0.35534703
  0.33286395
  0.31030480
  0.28766606
  0.26494601
  0.24214507
  0.21926609
  0.19631440
  0.17329777
  0.15022627
  0.12711196
  0.10396842
  0.08081032
  0.05765281
  0.03451095
  0.01139914
 -0.01166945
 -0.03468329
 -0.05763293
 -0.08051118
 -0.10331330
 -0.12603694
 -0.14868203
 -0.17125050
 -0.19374593
 -0.21617312
 -0.23853760
 -0.26084512
 -0.28310118
 -0.30531059
 -0.32747709
 -0.34960312
 -0.37168960
 -0.39373594
 -0.41574007
 -0.43769865
 -0.45960734
 -0.48146115
 -0.50325482
 -0.52498324
 -0.54664187
 -0.56822704
 -0.58973627
 -0.61116843
 -0.63252385
 -0.65380424
 -0.67501256
 -0.69615276
 -0.71722939
 -0.73824721
 -0.75921069
 -0.78012355
 -0.80098828
 -0.82180580
 -0.84257507
 -0.86329295
 -0.88395414
 -0.90455121
 -0.92507485
 -0.94551426
 -0.96585753
 -0.98609232
 -1.00620641
 -1.02618835
 -1.04602816
 -1.06571782
 -1.08525181
 -1.10462743
 -1.12384499
 -1.14290785
 -1.16182220
 -1.18059679
 -1.19924237
 -1.21777103
 -1.23619548
 -1.25452820
 -1.27278061
 -1.29096225
 -1.30908007
 -1.32713779
 -1.34513549
 -1.36306934
 -1.38093157
 -1.39871063
 -1.41639164
 -1.43395695
 -1.45138692
 -1.46866082
 -1.48575781
 -1.50265792
 -1.51934308
 -1.53579796
 -1.55201075
 -1.56797373
 -1.58368365
 -1.59914182
 -1.61435401
 -1.62933010
 -1.64408344
 -1.65863010
 -1.67298794
 -1.68717554
 -1.70121116
 -1.71511166
 -1.72889152
 -1.74256197
 -1.75613034
 -1.76959961
 -1.78296814
 -1.79622977
 -1.80937404
 -1.82238676
 -1.83525069
 -1.84794642
 -1.86045334
 -1.87275068
 -1.88481853
 -1.89663878
 -1.90819595
 -1.91947788
 -1.93047613
 -1.94118629
 -1.95160792
 -1.96174432
 -1.97160216
 -1.98119073
 -1.99052131
 -1.99960621
 -2.00845795
 -2.01708836
 -2.02550779
 -2.03372448
 -2.04174399
 -2.04956893
 -2.05719883
 -2.06463027
 -2.07185716
 -2.07887122
 -2.08566261
 -2.09222063
 -2.09853453
 -2.10459420
 -2.11039093
 -2.11591797
 -2.12117097
 -2.12614830
 -2.13085105
 -2.13528295
 -2.13945004
 -2.14336014
 -2.14702222
 -2.15044572
 -2.15363967
 -2.15661203
 -2.15936889
 -2.16191394
 -2.16424798
 -2.16636873
 -2.16827080
 -2.16994584
 -2.17138301
 -2.17256957
 -2.17349166
 -2.17413516
 -2.17448669
 -2.17453448
 -2.17426934
 -2.17368535
 -2.17278044
 -2.17155678
 -2.17002087
 -2.16818337
 -2.16605866
 -2.16366418
 -2.16101950
 -2.15814530
 -2.15506214
 -2.15178931
 -2.14834363
 -2.14473836
 -2.14098237
 -2.13707943
 -2.13302791
 -2.12882066
 -2.12444533
 -2.11988496
 -2.11511886
 -2.11012374
 -2.10487509
 -2.09934855
 -2.09352146
 -2.08737426
 -2.08089180
 -2.07406439
 -2.06688867
 -2.05936802
 -2.05151271
 -2.04333962
 -2.03487160
 -2.02613650
 -2.01716591
 -2.00799369
 -1.99865431
 -1.98918124
 -1.97960528
 -1.96995312
 -1.96024603
 -1.95049896
 -1.94071988
 -1.93090958
 -1.92106186
 -1.91116407
 -1.90119812
 -1.89114164
 -1.88096952
 -1.87065552
 -1.86017395
 -1.84950134
 -1.83861792
 -1.82750895
 -1.81616564
 -1.80458584
 -1.79277424
 -1.78074223
 -1.76850732
 -1.75609227
 -1.74352382
 -1.73083129
 -1.71804500
 -1.70519464
 -1.69230770
 -1.67940806
 -1.66651482
 -1.65364143
 -1.64079514
 -1.62797691
 -1.61518167
 -1.60239894
 -1.58961385
 -1.57680835
 -1.56396269
 -1.55105696
 -1.53807265
 -1.52499412
 -1.51180989
 -1.49851366
 -1.48510499
 -1.47158964
 -1.45797949
 -1.44429208
 -1.43054977
 -1.41677862
 -1.40300698
 -1.38926399
 -1.37557795
 -1.36197480
 -1.34847666
 -1.33510067
 -1.32185813
 -1.30875393
 -1.29578646
 -1.28294793
 -1.27022500
 -1.25759986
 -1.24505155
 -1.23255753
 -1.22009530
 -1.20764410
 -1.19518647
 -1.18270967
 -1.17020674
 -1.15767729
 -1.14512778
 -1.13257148
 -1.12002792
 -1.10752192
 -1.09508236
 -1.08274057
 -1.07052856
 -1.05847723
 -1.04661453
 -1.03496382
 -1.02354246
 -1.01236073
 -1.00142118
 -0.99071842
 -0.98023938
 -0.96996406
 -0.95986666
 -0.94991713
 -0.94008293
 -0.93033102
 -0.92062987
 -0.91095137
 -0.90127263
 -0.89157744
 -0.88185732
 -0.87211219
 -0.86235048
 -0.85258876
 -0.84285090
 -0.83316673
 -0.82357042
 -0.81409850
 -0.80478782
 -0.79567338
 -0.78678634
 -0.77815222
 -0.76978939
 -0.76170803
 -0.75390954
 -0.74638649
 -0.73912306
 -0.73209602
 -0.72527608
 -0.71862971
 -0.71212107
 -0.70571419
 -0.69937508
 -0.69307375
 -0.68678594
 -0.68049455
 -0.67419056
 -0.66787352
 -0.66155146
 -0.65524032
 -0.64896282
 -0.64274700
 -0.63662441
 -0.63062802
 -0.62479014
 -0.61914029
 -0.61370336
 -0.60849792
 -0.60353504
 -0.59881756
 -0.59433979
 -0.59008788
 -0.58604059
 -0.58217060
 -0.57844615
 -0.57483300
 -0.57129651
 -0.56780383
 -0.56432586
 -0.56083904
 -0.55732683
 -0.55378065
 -0.55020037
 -0.54659427
 -0.54297841
 -0.53937550
 -0.53581341
 -0.53232320
 -0.52893706
 -0.52568606
 -0.52259802
 -0.51969551
 -0.51699421
 -0.51450167
 -0.51221660
 -0.51012870
 -0.50821908
 -0.50646126
 -0.50482261
 -0.50326627
 -0.50175334
 -0.50024526
 -0.49870613
 -0.49710504
 -0.49541794
 -0.49362927
 -0.49173295
 -0.48973286
 -0.48764266
 -0.48548499
 -0.48329009
 -0.48109393
 -0.47893587
 -0.47685616
 -0.47489327
 -0.47308128
 -0.47144754
 -0.47001064
 -0.46877895
 -0.46774972
 -0.46690892
 -0.46623168
 -0.46568355
 -0.46522224
 -0.46480000
 -0.46436637
 -0.46387104
 -0.46326700
 -0.46251328
 -0.46157765
 -0.46043863
 -0.45908705
 -0.45752678
 -0.45577480
 -0.45386038
 -0.45182360
 -0.44971312
 -0.44758344
 -0.44549174
 -0.44349453
 -0.44164426
 -0.43998608
 -0.43855507
 -0.43737392
 -0.43645134
 -0.43578131
 -0.43534309
 -0.43510220
 -0.43501208
 -0.43501664
 -0.43505323
 -0.43505613
 -0.43496021
 -0.43470458
 -0.43423604
 -0.43351211
 -0.43250342
 -0.43119539
 -0.42958899
 -0.42770071
 -0.42556149
 -0.42321486
 -0.42071439
 -0.41812039
 -0.41549643
 -0.41290542
 -0.41040595
 -0.40804871
 -0.40587351
 -0.40390687
 -0.40216047
 -0.40063042
 -0.39929756
 -0.39812861
 -0.39707820
 -0.39609167
 -0.39510840
 -0.39406548
 -0.39290161
 -0.39156082
 -0.38999591
 -0.38817137
 -0.38606549
 -0.38367179
 -0.38099934
 -0.37807220
 -0.37492794
 -0.37161528
 -0.36819100
 -0.36471641
 -0.36125343
 -0.35786065
 -0.35458959
 -0.35148132
 -0.34856372
 -0.34584956
 -0.34333551
 -0.34100205
 -0.33881454
 -0.33672503
 -0.33467513
 -0.33259936
 -0.33042907
 -0.32809655
 -0.32553915
 -0.32270305
 -0.31954659
 -0.31604283
 -0.31218121
 -0.30796828
 -0.30342726
 -0.29859671
 -0.29352809
 -0.28828264
 -0.28292753
 -0.27753165
 -0.27216130
 -0.26687595
 -0.26172445
 -0.25674181
 -0.25194690
 -0.24734109
 -0.24290802
 -0.23861442
 -0.23441213
 -0.23024091
 -0.22603224
 -0.22171352
 -0.21721272
 -0.21246297
 -0.20740692
 -0.20200061
 -0.19621647
 -0.19004546
 -0.18349795
 -0.17660352
 -0.16940947
 -0.16197829
 -0.15438407
 -0.14670813
 -0.13903422
 -0.13144337
 -0.12400891
 -0.11679180
 -0.10983676
 -0.10316919
 -0.09679337
 -0.09069178
 -0.08482587
 -0.07913805
 -0.07355492
 -0.06799146
 -0.06235607
 -0.05655604
 -0.05050319
 -0.04411931
 -0.03734108
 -0.03012424
 -0.02244650
 -0.01430938
 -0.00573846
  0.00321770
  0.01249010
  0.02199305
  0.03162899
  0.04129410
  0.05088431
  0.06030139
  0.06945880
  0.07828680
  0.08673668
  0.09478370
  0.10242865
  0.10969781
  0.11664141
  0.12333063
  0.12985322
  0.13630815
  0.14279947
  0.14942981
  0.15629393
  0.16347270
  0.17102778
  0.17899756
  0.18739443
  0.19620360
  0.20538363
  0.21486864
  0.22457199
  0.23439133
  0.24421472
  0.25392738
  0.26341869
  0.27258912
  0.28135647
  0.28966121
  0.29747039
  0.30478009
  0.31161604
  0.31803239
  0.32410877
  0.32994572
  0.33565870
  0.34137114
  0.34720691
  0.35328259
  0.35970006
  0.36654000
  0.37385642
  0.38167292
  0.38998062
  0.39873820
  0.40787385
  0.41728915
  0.42686476
  0.43646733
  0.44595759
  0.45519878
  0.46406523
  0.47245027
  0.48027325
  0.48748494
  0.49407127
  0.50005478
  0.50549400
  0.51048048
  0.51513385
  0.51959490
  0.52401735
  0.52855862
  0.53337013
  0.53858785
  0.54432357
  0.55065743
  0.55763239
  0.56525066
  0.57347273
  0.58221888
  0.59137316
  0.60078978
  0.61030135
  0.61972873
  0.62889180
  0.63762049
  0.64576550
  0.65320801
  0.65986765
  0.66570843
  0.67074201
  0.67502816
  0.67867227
  0.68182005
  0.68464958
  0.68736121
  0.69016584
  0.69327229
  0.69687438
  0.70113869
  0.70619364
  0.71212053
  0.71894731
  0.72664539
  0.73512981
  0.74426281
  0.75386079
  0.76370419
  0.77354985
  0.78314517
  0.79224324
  0.80061810
  0.80807913
  0.81448377
  0.81974773
  0.82385188
  0.82684557
  0.82884573
  0.83003203
  0.83063792
  0.83093822
  0.83123378
  0.83183405
  0.83303846
  0.83511787
  0.83829695
  0.84273880
  0.84853267
  0.85568562
  0.86411888
  0.87366913
  0.88409496
  0.89508824
  0.90628996
  0.91730974
  0.92774812
  0.93722029
  0.94538011
  0.95194283
  0.95670536
  0.95956263
  0.96051901
  0.95969390
  0.95732090
  0.95374022
  0.94938458
  0.94475896
  0.94041501
  0.93692133
  0.93483099
  0.93464787
  0.93679365
  0.94157713
  0.94916763
  0.95957408
  0.97263104
  0.98799280
  1.00513607
  1.02337164
  1.04186468
  1.05966311
  1.07573294
  1.08899914
  1.09839033
  1.10288527
  1.10155893
  1.09362625
  1.07848119
  1.05572934
  1.02521241
  0.98702333
  0.94151101
  0.88927448
  0.83114637
  0.76816651
  0.70154651
  0.63262691
