   0.0000000e+00
   2.4741918e-04
   4.9483836e-04
   7.4225754e-04
   9.8967672e-04
   1.2370959e-03
   1.4845151e-03
   1.7319343e-03
   1.9793534e-03
   2.2267726e-03
   2.4741918e-03
   2.7216110e-03
   2.9690302e-03
   3.2164493e-03
   3.4638685e-03
   3.7112877e-03
   3.9587069e-03
   4.2061261e-03
   4.4535452e-03
   4.7009644e-03
   4.9483836e-03
   5.1958028e-03
   5.4432219e-03
   5.6906411e-03
   5.9380603e-03
   6.1854795e-03
   6.4328987e-03
   6.6803178e-03
   6.9277370e-03
   7.1751562e-03
   7.4225754e-03
   7.6699946e-03
   7.9174137e-03
   8.1648329e-03
   8.4122521e-03
   8.6596713e-03
   8.9070905e-03
   9.1545096e-03
   9.4019288e-03
   9.6493480e-03
   9.8967672e-03
   1.0144186e-02
   1.0391606e-02
   1.0639025e-02
   1.0886444e-02
   1.1133863e-02
   1.1381282e-02
   1.1628701e-02
   1.1876121e-02
   1.2123540e-02
   1.2370959e-02
   1.2618378e-02
   1.2865797e-02
   1.3113217e-02
   1.3360636e-02
   1.3608055e-02
   1.3855474e-02
   1.4102893e-02
   1.4350312e-02
   1.4597732e-02
   1.4845151e-02
   1.5092570e-02
   1.5339989e-02
   1.5587408e-02
   1.5834827e-02
   1.6082247e-02
   1.6329666e-02
   1.6577085e-02
   1.6824504e-02
   1.7071923e-02
   1.7319343e-02
   1.7566762e-02
   1.7814181e-02
   1.8061600e-02
   1.8309019e-02
   1.8556438e-02
   1.8803858e-02
   1.9051277e-02
   1.9298696e-02
   1.9546115e-02
   1.9793534e-02
   2.0040954e-02
   2.0288373e-02
   2.0535792e-02
   2.0783211e-02
   2.1030630e-02
   2.1278049e-02
   2.1525469e-02
   2.1772888e-02
   2.2020307e-02
   2.2267726e-02
   2.2515145e-02
   2.2762565e-02
   2.3009984e-02
   2.3257403e-02
   2.3504822e-02
   2.3752241e-02
   2.3999660e-02
   2.4247080e-02
   2.4494499e-02
   2.4741918e-02
   2.4989337e-02
   2.5236756e-02
   2.5484175e-02
   2.5731595e-02
   2.5979014e-02
   2.6226433e-02
   2.6473852e-02
   2.6721271e-02
   2.6968691e-02
   2.7216110e-02
   2.7463529e-02
   2.7710948e-02
   2.7958367e-02
   2.8205786e-02
   2.8453206e-02
   2.8700625e-02
   2.8948044e-02
   2.9195463e-02
   2.9442882e-02
   2.9690302e-02
   2.9937721e-02
   3.0185140e-02
   3.0432559e-02
   3.0679978e-02
   3.0927397e-02
   3.1174817e-02
   3.1422236e-02
   3.1669655e-02
   3.1917074e-02
   3.2164493e-02
   3.2411913e-02
   3.2659332e-02
   3.2906751e-02
   3.3154170e-02
   3.3401589e-02
   3.3649008e-02
   3.3896428e-02
   3.4143847e-02
   3.4391266e-02
   3.4638685e-02
   3.4886104e-02
   3.5133523e-02
   3.5380943e-02
   3.5628362e-02
   3.5875781e-02
   3.6123200e-02
   3.6370619e-02
   3.6618039e-02
   3.6865458e-02
   3.7112877e-02
   3.7360296e-02
   3.7607715e-02
   3.7855134e-02
   3.8102554e-02
   3.8349973e-02
   3.8597392e-02
   3.8844811e-02
   3.9092230e-02
   3.9339650e-02
   3.9587069e-02
   3.9834488e-02
   4.0081907e-02
   4.0329326e-02
   4.0576745e-02
   4.0824165e-02
   4.1071584e-02
   4.1319003e-02
   4.1566422e-02
   4.1813841e-02
   4.2061261e-02
   4.2308680e-02
   4.2556099e-02
   4.2803518e-02
   4.3050937e-02
   4.3298356e-02
   4.3545776e-02
   4.3793195e-02
   4.4040614e-02
   4.4288033e-02
   4.4535452e-02
   4.4782871e-02
   4.5030291e-02
   4.5277710e-02
   4.5525129e-02
   4.5772548e-02
   4.6019967e-02
   4.6267387e-02
   4.6514806e-02
   4.6762225e-02
   4.7009644e-02
   4.7257063e-02
   4.7504482e-02
   4.7751902e-02
   4.7999321e-02
   4.8246740e-02
   4.8494159e-02
   4.8741578e-02
   4.8988998e-02
   4.9236417e-02
   4.9483836e-02
   4.9731255e-02
   4.9978674e-02
   5.0226093e-02
   5.0473513e-02
   5.0720932e-02
   5.0968351e-02
   5.1215770e-02
   5.1463189e-02
   5.1710609e-02
   5.1958028e-02
   5.2205447e-02
   5.2452866e-02
   5.2700285e-02
   5.2947704e-02
   5.3195124e-02
   5.3442543e-02
   5.3689962e-02
   5.3937381e-02
   5.4184800e-02
   5.4432219e-02
   5.4679639e-02
   5.4927058e-02
   5.5174477e-02
   5.5421896e-02
   5.5669315e-02
   5.5916735e-02
   5.6164154e-02
   5.6411573e-02
   5.6658992e-02
   5.6906411e-02
   5.7153830e-02
   5.7401250e-02
   5.7648669e-02
   5.7896088e-02
   5.8143507e-02
   5.8390926e-02
   5.8638346e-02
   5.8885765e-02
   5.9133184e-02
   5.9380603e-02
   5.9628022e-02
   5.9875441e-02
   6.0122861e-02
   6.0370280e-02
   6.0617699e-02
   6.0865118e-02
   6.1112537e-02
   6.1359957e-02
   6.1607376e-02
   6.1854795e-02
   6.2102214e-02
   6.2349633e-02
   6.2597052e-02
   6.2844472e-02
   6.3091891e-02
   6.3339310e-02
   6.3586729e-02
   6.3834148e-02
   6.4081567e-02
   6.4328987e-02
   6.4576406e-02
   6.4823825e-02
   6.5071244e-02
   6.5318663e-02
   6.5566083e-02
   6.5813502e-02
   6.6060921e-02
   6.6308340e-02
   6.6555759e-02
   6.6803178e-02
   6.7050598e-02
   6.7298017e-02
   6.7545436e-02
   6.7792855e-02
   6.8040274e-02
   6.8287694e-02
   6.8535113e-02
   6.8782532e-02
   6.9029951e-02
   6.9277370e-02
   6.9524789e-02
   6.9772209e-02
   7.0019628e-02
   7.0267047e-02
   7.0514466e-02
   7.0761885e-02
   7.1009305e-02
   7.1256724e-02
   7.1504143e-02
   7.1751562e-02
   7.1998981e-02
   7.2246400e-02
   7.2493820e-02
   7.2741239e-02
   7.2988658e-02
   7.3236077e-02
   7.3483496e-02
   7.3730915e-02
   7.3978335e-02
   7.2954409e-02
   7.1879283e-02
   7.0855364e-02
   6.9575474e-02
   6.8193175e-02
   6.6606097e-02
   6.5070227e-02
   6.3739121e-02
   6.2766388e-02
   6.2049642e-02
   6.1384093e-02
   6.0667347e-02
   6.0052995e-02
   5.9592228e-02
   5.9438638e-02
   5.9336245e-02
   5.8773089e-02
   5.7646774e-02
   5.6059692e-02
   5.4575004e-02
   5.3755868e-02
   5.3346302e-02
   5.2987933e-02
   5.2475970e-02
   5.1810421e-02
   5.0888900e-02
   4.9916171e-02
   4.9199425e-02
   4.8687458e-02
   4.8021913e-02
   4.6997990e-02
   4.6076458e-02
   4.5359716e-02
   4.4540580e-02
   4.3619052e-02
   4.2748716e-02
   4.2185564e-02
   4.1724797e-02
   4.1212834e-02
   4.0393699e-02
   3.9267387e-02
   3.8294662e-02
   3.7629116e-02
   3.7014760e-02
   3.6246818e-02
   3.5222895e-02
   3.4506153e-02
   3.4250170e-02
   3.3942990e-02
   3.3226244e-02
   3.2663085e-02
   3.2407101e-02
   3.2407101e-02
   3.2099925e-02
   3.1741552e-02
   3.1587966e-02
   3.1741556e-02
   3.1946339e-02
   3.2151118e-02
   3.2458294e-02
   3.2919060e-02
   3.3379823e-02
   3.3533413e-02
   3.3277433e-02
   3.3072650e-02
   3.2765474e-02
   3.2458298e-02
   3.1843945e-02
   3.1383179e-02
   3.1331986e-02
   3.1383183e-02
   3.1485572e-02
   3.1485572e-02
   3.1127201e-02
   3.0359259e-02
   2.9744908e-02
   2.9488929e-02
   2.9386537e-02
   2.9488932e-02
   2.9540133e-02
   2.9693721e-02
   2.9847311e-02
   3.0000899e-02
   3.0052096e-02
   3.0103289e-02
   3.0154485e-02
   2.9949700e-02
   2.9796112e-02
   2.9591328e-02
   2.9181760e-02
   2.8823387e-02
   2.8413819e-02
   2.8055446e-02
   2.7389897e-02
   2.6621956e-02
   2.6161190e-02
   2.6109995e-02
   2.6519563e-02
   2.6929133e-02
   2.7031524e-02
   2.7236307e-02
   2.7645877e-02
   2.8209032e-02
   2.8618604e-02
   2.9028172e-02
   2.9437739e-02
   2.9591326e-02
   2.9540129e-02
   2.9488932e-02
   2.9693717e-02
   2.9744912e-02
   2.9693715e-02
   2.9693715e-02
   3.0000890e-02
   3.0564047e-02
   3.1024812e-02
   3.1383183e-02
   3.1639162e-02
   3.2099925e-02
   3.2509495e-02
   3.2816671e-02
   3.3175047e-02
   3.3482224e-02
   3.3738207e-02
   3.4403756e-02
   3.5018109e-02
   3.5478875e-02
   3.6093228e-02
   3.6809973e-02
   3.7219543e-02
   3.7168350e-02
   3.6707584e-02
   3.6502801e-02
   3.6656391e-02
   3.6912370e-02
   3.7065960e-02
   3.7065957e-02
   3.7065957e-02
   3.7065953e-02
   3.7014756e-02
   3.7321933e-02
   3.7936281e-02
   3.8601831e-02
   3.8960200e-02
   3.9216183e-02
   3.9420966e-02
   3.9676949e-02
   3.9830539e-02
   3.9881736e-02
   4.0188916e-02
   4.0598486e-02
   4.0956859e-02
   4.1366428e-02
   4.1827194e-02
   4.2339154e-02
   4.2953506e-02
   4.3516666e-02
   4.3772645e-02
   4.3670252e-02
   4.3465473e-02
   4.3260686e-02
   4.3311883e-02
   4.3567862e-02
   4.4028625e-02
   4.4642981e-02
   4.5308527e-02
   4.5513310e-02
   4.5359723e-02
   4.5462109e-02
   4.5615695e-02
   4.5922872e-02
   4.6281245e-02
   4.6895597e-02
   4.7714736e-02
   4.8329089e-02
   4.8841052e-02
   4.8994638e-02
   4.9097028e-02
   4.9455401e-02
   4.9813770e-02
   4.9967360e-02
   5.0120946e-02
   5.0428122e-02
   5.0786491e-02
   5.0940081e-02
   5.1093671e-02
   5.1196061e-02
   5.1554434e-02
   5.2168787e-02
   5.2731942e-02
   5.3192709e-02
   5.3192709e-02
   5.2936725e-02
   5.2783135e-02
   5.2936729e-02
   5.3039122e-02
   5.3141512e-02
   5.3346299e-02
   5.3755868e-02
   5.4165434e-02
   5.4523811e-02
   5.4677397e-02
   5.4626200e-02
   5.4523807e-02
   5.4779790e-02
   5.5291750e-02
   5.5752512e-02
   5.6162082e-02
   5.6674041e-02
   5.7441980e-02
   5.8465898e-02
   5.9387427e-02
   6.0155369e-02
   6.0820919e-02
   6.1640054e-02
   6.2510386e-02
   6.3022345e-02
   6.3329525e-02
   6.3534312e-02
   6.3483112e-02
   6.3124739e-02
   6.2663972e-02
   6.2254407e-02
   6.2100817e-02
   6.2612779e-02
   6.3585505e-02
   6.4609423e-02
   6.5172575e-02
   6.5428562e-02
   6.5633349e-02
   6.5940522e-02
   6.6247709e-02
   6.6452488e-02
   6.6350102e-02
   6.6094123e-02
   6.5838136e-02
   6.5889329e-02
   6.6401288e-02
   6.7066841e-02
   6.7732386e-02
   6.8295546e-02
   6.8807505e-02
   6.9319472e-02
   6.9780238e-02
   7.0241004e-02
   7.0855357e-02
   7.1572103e-02
   7.2135262e-02
   7.2237656e-02
   7.2186455e-02
   7.2288848e-02
   7.2647221e-02
   7.3107988e-02
   7.3619947e-02
   7.3824733e-02
   7.3927119e-02
   7.3875926e-02
   7.3875934e-02
   7.4285500e-02
   7.4592672e-02
   7.4592672e-02
   7.4592672e-02
   7.4695066e-02
   7.5002238e-02
   7.5360611e-02
   7.5770184e-02
   7.6230951e-02
   7.6486930e-02
   7.6589324e-02
   7.6947697e-02
   7.7869222e-02
   7.9200320e-02
   8.0326624e-02
   8.1043370e-02
   8.1708916e-02
   8.2169682e-02
   8.2272075e-02
   8.2425669e-02
   8.2630448e-02
   8.2681648e-02
   8.2835235e-02
   8.3142415e-02
   8.3296001e-02
   8.3449595e-02
   8.3449595e-02
   8.3296008e-02
   8.3296016e-02
   8.3398409e-02
   8.3347224e-02
   8.3040051e-02
   8.2937658e-02
   8.3244830e-02
   8.3859183e-02
   8.4268756e-02
   8.4524736e-02
   8.4780723e-02
   8.5190289e-02
   8.5753441e-02
   8.6367793e-02
   8.6982146e-02
   8.7442920e-02
   8.8006072e-02
   8.8620424e-02
   8.8876404e-02
   8.8671617e-02
   8.8415630e-02
   8.8620409e-02
   8.9081176e-02
   8.9593127e-02
   8.9797914e-02
   8.9797907e-02
   9.0002693e-02
   9.0463452e-02
   9.0821818e-02
   9.1026604e-02
   9.1128990e-02
   9.1384970e-02
   9.1845728e-02
   9.2152901e-02
   9.2306495e-02
   9.2306495e-02
   9.2306495e-02
   9.2152908e-02
   9.1896929e-02
   9.1487363e-02
   9.1231391e-02
   9.1180190e-02
   9.1640957e-02
   9.2204116e-02
   9.2408903e-02
   9.2152923e-02
   9.1538578e-02
   9.1180205e-02
   9.1231391e-02
   9.1384985e-02
   9.1692157e-02
   9.1692165e-02
   9.1384992e-02
   9.1231406e-02
   9.1384999e-02
   9.1487400e-02
   9.1640994e-02
   9.1743387e-02
   9.1640994e-02
   9.1589808e-02
   9.1641001e-02
   9.2050567e-02
   9.2562519e-02
   9.2613712e-02
   9.2357732e-02
   9.1896966e-02
   9.1538593e-02
   9.1282606e-02
   9.1077827e-02
   9.1282614e-02
   9.1640987e-02
   9.1743372e-02
   9.1589779e-02
   9.1282599e-02
   9.1077819e-02
   9.1231406e-02
   9.1845758e-02
   9.2152931e-02
   9.2152938e-02
   9.2101730e-02
   9.1743357e-02
   9.1231391e-02
   9.0873018e-02
   9.0924211e-02
   9.1384977e-02
   9.1743350e-02
   9.1743357e-02
   9.1692157e-02
   9.1436177e-02
   9.1180190e-02
   9.1077797e-02
   9.0924211e-02
   9.0565830e-02
   9.0309843e-02
   9.0412229e-02
   9.0770602e-02
   9.0770602e-02
   9.0207450e-02
   8.9746684e-02
   8.9644291e-02
   8.9695491e-02
   8.9695491e-02
   8.9183532e-02
   8.8876352e-02
   8.9285925e-02
   8.9439511e-02
   8.9593105e-02
   8.9900278e-02
   9.0105064e-02
   9.0412244e-02
   9.0514645e-02
   9.0105079e-02
   8.9849100e-02
   8.9541920e-02
   8.9644320e-02
   8.9593127e-02
   8.9593127e-02
   8.9900307e-02
   9.0309881e-02
   9.0770647e-02
   9.0924233e-02
   9.1077819e-02
   9.1436200e-02
   9.1999352e-02
   9.2408925e-02
   9.2613705e-02
   9.2357725e-02
   9.2050552e-02
   9.2050552e-02
   9.2306532e-02
   9.2511311e-02
   9.2511311e-02
   9.2357717e-02
   9.1948152e-02
   9.1845758e-02
   9.1333792e-02
   9.1231406e-02
   9.1129012e-02
   9.1180205e-02
   9.1231398e-02
   9.0770632e-02
   9.0617038e-02
   9.0053871e-02
   8.9285932e-02
   8.8569187e-02
   8.7596469e-02
   8.7186903e-02
   8.6572558e-02
   8.6060584e-02
   8.5753411e-02
   8.5497424e-02
   8.5548632e-02
   8.5292645e-02
   8.5036665e-02
   8.4678292e-02
   8.3756767e-02
   8.3040014e-02
   8.2323276e-02
   8.1657730e-02
   8.1145771e-02
   8.0633819e-02
   8.0173053e-02
   7.9558700e-02
   7.8483574e-02
   7.7101290e-02
   7.5974979e-02
   7.5053453e-02
   7.4336700e-02
   7.3671155e-02
   7.2800823e-02
   7.1879297e-02
   7.1060158e-02
   7.0189826e-02
   6.9165900e-02
   6.8090789e-02
   6.7271650e-02
   6.6862077e-02
   6.6606097e-02
   6.5838151e-02
   6.4558238e-02
   6.2971175e-02
   6.1486483e-02
   6.0155388e-02
   5.8414727e-02
   5.7032432e-02
   5.5394154e-02
   5.3499900e-02
   5.1759236e-02
   4.9916178e-02
   4.8073117e-02
   4.6434842e-02
   4.4591784e-02
   4.2953506e-02
   4.1417625e-02
   4.0137723e-02
   3.8550641e-02
   3.6656387e-02
   3.4762137e-02
   3.2611899e-02
   3.0461662e-02
   2.8260229e-02
   2.5802819e-02
   2.3447799e-02
   2.1246370e-02
   1.9198528e-02
   1.7253071e-02
   1.5000447e-02
   1.2594230e-02
   1.0136819e-02
   7.8329975e-03
   5.5803712e-03
   3.3789405e-03
   1.4846865e-03
  -6.6554837e-04
  -2.8157833e-03
  -5.5291764e-03
  -8.2425671e-03
  -1.1058351e-02
  -1.4078919e-02
  -1.6792310e-02
  -1.9761683e-02
  -2.2167897e-02
  -2.4369325e-02
  -2.6519557e-02
  -2.8413814e-02
  -3.1127205e-02
  -3.4045383e-02
  -3.7321929e-02
  -4.0700868e-02
  -4.3823831e-02
  -4.7253966e-02
  -5.0632905e-02
  -5.4011848e-02
  -5.7186004e-02
  -6.0001787e-02
  -6.3073553e-02
  -6.6145308e-02
  -6.9626644e-02
  -7.3312767e-02
  -7.6794095e-02
  -8.0173038e-02
  -8.3398394e-02
  -8.6674951e-02
  -9.0156280e-02
  -9.3995988e-02
  -9.8142870e-02
  -1.0223856e-01
  -1.0628305e-01
  -1.1042993e-01
  -1.1447442e-01
  -1.1851892e-01
  -1.2261461e-01
  -1.2676148e-01
  -1.3131794e-01
  -1.3618158e-01
  -1.4094280e-01
  -1.4575523e-01
  -1.5031169e-01
  -1.5461217e-01
  -1.5875906e-01
  -1.6254756e-01
  -1.6674565e-01
  -1.7114851e-01
  -1.7585854e-01
  -1.8056859e-01
  -1.8522742e-01
  -1.8998864e-01
  -1.9459631e-01
  -1.9905035e-01
  -2.0350440e-01
  -2.0790727e-01
  -2.1241254e-01
  -2.1722497e-01
  -2.2239576e-01
  -2.2725940e-01
  -2.3212302e-01
  -2.3739621e-01
  -2.4272062e-01
  -2.4778903e-01
  -2.5265265e-01
  -2.5741389e-01
  -2.6263589e-01
  -2.6811388e-01
  -2.7364305e-01
  -2.7912101e-01
  -2.8429183e-01
  -2.8946263e-01
  -2.9483822e-01
  -3.0026498e-01
  -3.0589655e-01
  -3.1173289e-01
  -3.1797883e-01
  -3.2432714e-01
  -3.3031708e-01
  -3.3599982e-01
  -3.4147778e-01
  -3.4690458e-01
  -3.5228017e-01
  -3.5806534e-01
  -3.6415768e-01
  -3.7035245e-01
  -3.7649596e-01
  -3.8274190e-01
  -3.8903901e-01
  -3.9513135e-01
  -4.0091649e-01
  -4.0644565e-01
  -4.1197479e-01
  -4.1791356e-01
  -4.2400590e-01
  -4.3004704e-01
  -4.3634418e-01
  -4.4294843e-01
  -4.4965512e-01
  -4.5610583e-01
  -4.6230054e-01
  -4.6829048e-01
  -4.7428042e-01
  -4.8057753e-01
  -4.8707944e-01
  -4.9363250e-01
  -5.0054401e-01
  -5.0740421e-01
  -5.1395732e-01
  -5.2010083e-01
  -5.2619314e-01
  -5.3223425e-01
  -5.3832662e-01
  -5.4477739e-01
  -5.5107450e-01
  -5.5711567e-01
  -5.6310564e-01
  -5.6883961e-01
  -5.7421517e-01
  -5.7979554e-01
  -5.8578551e-01
  -5.9203136e-01
  -5.9843087e-01
  -6.0488158e-01
  -6.1138350e-01
  -6.1737341e-01
  -6.2290257e-01
  -6.2832934e-01
  -6.3355130e-01
  -6.3908052e-01
  -6.4491677e-01
  -6.5111148e-01
  -6.5745986e-01
  -6.6360337e-01
  -6.6964447e-01
  -6.7537844e-01
  -6.8126595e-01
  -6.8740952e-01
  -6.9386023e-01
  -7.0005500e-01
  -7.0553297e-01
  -7.1055013e-01
  -7.1572095e-01
  -7.2130132e-01
  -7.2693294e-01
  -7.3230851e-01
  -7.3758173e-01
  -7.4300849e-01
  -7.4833286e-01
  -7.5355488e-01
  -7.5862330e-01
  -7.6379412e-01
  -7.6901609e-01
  -7.7418691e-01
  -7.7894819e-01
  -7.8340226e-01
  -7.8785628e-01
  -7.9241276e-01
  -7.9722518e-01
  -8.0224246e-01
  -8.0741322e-01
  -8.1237930e-01
  -8.1673092e-01
  -8.2072419e-01
  -8.2451272e-01
  -8.2845479e-01
  -8.3255047e-01
  -8.3685094e-01
  -8.4099782e-01
  -8.4478629e-01
  -8.4837008e-01
  -8.5205621e-01
  -8.5584468e-01
  -8.5942841e-01
  -8.6260259e-01
  -8.6531597e-01
  -8.6792701e-01
  -8.7079394e-01
  -8.7401932e-01
  -8.7714225e-01
  -8.7970203e-01
  -8.8205701e-01
  -8.8456559e-01
  -8.8722783e-01
  -8.9009482e-01
  -8.9239872e-01
  -8.9449775e-01
  -8.9649439e-01
  -8.9854223e-01
  -9.0064132e-01
  -9.0284270e-01
  -9.0489054e-01
  -9.0668237e-01
  -9.0867901e-01
  -9.1082931e-01
  -9.1303074e-01
  -9.1507864e-01
  -9.1722888e-01
  -9.1937912e-01
  -9.2117101e-01
  -9.2239970e-01
  -9.2306525e-01
  -9.2347479e-01
  -9.2398673e-01
  -9.2475468e-01
  -9.2613697e-01
  -9.2777526e-01
  -9.2931110e-01
  -9.3018150e-01
  -9.3048865e-01
  -9.3074465e-01
  -9.3110305e-01
  -9.3156385e-01
  -9.3187100e-01
  -9.3228060e-01
  -9.3279260e-01
  -9.3309975e-01
  -9.3299741e-01
  -9.3263900e-01
  -9.3243420e-01
  -9.3258774e-01
  -9.3279254e-01
  -9.3289495e-01
  -9.3289495e-01
  -9.3263900e-01
  -9.3222940e-01
  -9.3176872e-01
  -9.3110317e-01
  -9.3018162e-01
  -9.2926008e-01
  -9.2838973e-01
  -9.2767292e-01
  -9.2670017e-01
  -9.2582977e-01
  -9.2506182e-01
  -9.2429388e-01
  -9.2342353e-01
  -9.2229724e-01
  -9.2091489e-01
  -9.1968620e-01
  -9.1881591e-01
  -9.1820157e-01
  -9.1733122e-01
  -9.1646087e-01
  -9.1579533e-01
  -9.1528332e-01
  -9.1451538e-01
  -9.1323549e-01
  -9.1185319e-01
  -9.1093165e-01
  -9.1021484e-01
  -9.0924209e-01
  -9.0821815e-01
  -9.0724540e-01
  -9.0652865e-01
  -9.0586311e-01
  -9.0489036e-01
  -9.0371287e-01
  -9.0258658e-01
  -9.0171623e-01
  -9.0099949e-01
  -9.0007794e-01
  -8.9884919e-01
  -8.9736450e-01
  -8.9613587e-01
  -8.9506072e-01
  -8.9429277e-01
  -8.9357603e-01
  -8.9275688e-01
  -8.9183533e-01
  -8.9086264e-01
  -8.8994110e-01
  -8.8876355e-01
  -8.8753486e-01
  -8.8620377e-01
  -8.8497508e-01
  -8.8379759e-01
  -8.8236409e-01
  -8.8093060e-01
  -8.7995785e-01
  -8.7949705e-01
  -8.7939465e-01
  -8.7924105e-01
  -8.7888265e-01
  -8.7811476e-01
  -8.7703967e-01
  -8.7601584e-01
  -8.7540144e-01
  -8.7514549e-01
  -8.7488949e-01
  -8.7432635e-01
  -8.7381434e-01
  -8.7345594e-01
  -8.7314868e-01
  -8.7227839e-01
  -8.7104970e-01
  -8.7002575e-01
  -8.6956501e-01
  -8.6920667e-01
  -8.6874592e-01
  -8.6823404e-01
  -8.6751735e-01
  -8.6674941e-01
  -8.6613512e-01
  -8.6531603e-01
  -8.6424088e-01
  -8.6316574e-01
  -8.6244899e-01
  -8.6188585e-01
  -8.6137384e-01
  -8.6086178e-01
  -8.6034983e-01
  -8.5973543e-01
  -8.5906982e-01
  -8.5835314e-01
  -8.5763639e-01
  -8.5691965e-01
  -8.5610050e-01
  -8.5487175e-01
  -8.5359186e-01
  -8.5261917e-01
  -8.5200489e-01
  -8.5133934e-01
  -8.5011065e-01
  -8.4847236e-01
  -8.4678292e-01
  -8.4565663e-01
  -8.4453034e-01
  -8.4314805e-01
  -8.4150982e-01
  -8.3987153e-01
  -8.3823329e-01
  -8.3654386e-01
  -8.3464956e-01
  -8.3275527e-01
  -8.3121938e-01
  -8.2968354e-01
  -8.2794285e-01
  -8.2599735e-01
  -8.2389838e-01
  -8.2190174e-01
  -8.2016110e-01
  -8.1872767e-01
  -8.1719178e-01
  -8.1529754e-01
  -8.1304491e-01
  -8.1074113e-01
  -8.0843735e-01
  -8.0597991e-01
  -8.0321532e-01
  -8.0014354e-01
  -7.9702055e-01
  -7.9384643e-01
  -7.9067224e-01
  -7.8765160e-01
  -7.8468227e-01
  -7.8166169e-01
  -7.7848750e-01
  -7.7505738e-01
  -7.7137125e-01
  -7.6748037e-01
  -7.6364064e-01
  -7.6000565e-01
  -7.5652432e-01
  -7.5273585e-01
  -7.4869132e-01
  -7.4444205e-01
  -7.4014157e-01
  -7.3558515e-01
  -7.3107994e-01
  -7.2652346e-01
  -7.2176224e-01
  -7.1694982e-01
  -7.1218860e-01
  -7.0732492e-01
  -7.0225650e-01
  -6.9688088e-01
  -6.9145405e-01
  -6.8602723e-01
  -6.8039572e-01
  -6.7466176e-01
  -6.6877419e-01
  -6.6278428e-01
  -6.5674311e-01
  -6.5044600e-01
  -6.4404649e-01
  -6.3739097e-01
  -6.3047951e-01
  -6.2326086e-01
  -6.1609346e-01
  -6.0928440e-01
  -6.0262889e-01
  -5.9566629e-01
  -5.8803803e-01
  -5.8015382e-01
  -5.7252568e-01
  -5.6505108e-01
  -5.5726922e-01
  -5.4902667e-01
  -5.4057932e-01
  -5.3208083e-01
  -5.2327508e-01
  -5.1436698e-01
  -5.0525409e-01
  -4.9609002e-01
  -4.8666993e-01
  -4.7755706e-01
  -4.6849534e-01
  -4.5922887e-01
  -4.4960397e-01
  -4.3962073e-01
  -4.2948392e-01
  -4.1934711e-01
  -4.0905666e-01
  -3.9856148e-01
  -3.8806626e-01
  -3.7782702e-01
  -3.6779255e-01
  -3.5724619e-01
  -3.4598306e-01
  -3.3415675e-01
  -3.2197204e-01
  -3.0978739e-01
  -2.9770508e-01
  -2.8557160e-01
  -2.7328452e-01
  -2.6084390e-01
  -2.4819846e-01
  -2.3550181e-01
  -2.2285637e-01
  -2.1051820e-01
  -1.9802637e-01
  -1.8522739e-01
  -1.7212120e-01
  -1.5901503e-01
  -1.4631841e-01
  -1.3351940e-01
  -1.2041321e-01
  -1.0735819e-01
  -9.4098419e-02
  -8.0480263e-02
  -6.6708528e-02
  -5.2527200e-02
  -3.8397100e-02
  -2.4369368e-02
  -1.0341641e-02
   4.0444802e-03
   1.8532958e-02
   3.3226255e-02
   4.8124332e-02
   6.3022375e-02
   7.7818044e-02
   9.2511319e-02
   1.0720457e-01
   1.2179545e-01
   1.3638633e-01
   1.5113081e-01
   1.6608007e-01
   1.8092693e-01
   1.9582498e-01
   2.1082541e-01
   2.2613305e-01
   2.4154307e-01
   2.5679949e-01
   2.7185112e-01
   2.8674918e-01
   3.0174962e-01
   3.1680128e-01
   3.3210891e-01
   3.4782612e-01
   3.6364570e-01
   3.7936291e-01
   3.9477292e-01
   4.0992692e-01
   4.2549053e-01
   4.4120771e-01
   4.5656654e-01
   4.7146460e-01
   4.8651624e-01
   5.0151664e-01
   5.1626110e-01
   5.3095442e-01
   5.4544294e-01
   5.6003380e-01
   5.7472706e-01
   5.8957392e-01
   6.0442078e-01
   6.1901164e-01
   6.3344890e-01
   6.4768136e-01
   6.6181147e-01
   6.7589045e-01
   6.8996936e-01
   7.0389462e-01
   7.1787113e-01
   7.3210365e-01
   7.4669456e-01
   7.6118302e-01
   7.7536434e-01
   7.8918731e-01
   8.0285668e-01
   8.1662834e-01
   8.3045131e-01
   8.4406942e-01
   8.5748279e-01
   8.7064016e-01
   8.8359278e-01
   8.9618701e-01
   9.0867889e-01
   9.2142671e-01
   9.3407214e-01
   9.4641030e-01
   9.5869738e-01
   9.7113806e-01
   9.8403949e-01
   9.9678725e-01
   1.0090231e+00
   1.0210030e+00
   1.0327781e+00
   1.0441948e+00
   1.0555091e+00
   1.0664651e+00
   1.0773187e+00
   1.0880188e+00
   1.0987699e+00
   1.1092139e+00
   1.1192995e+00
   1.1291292e+00
   1.1389077e+00
   1.1487886e+00
   1.1587718e+00
   1.1685503e+00
   1.1779703e+00
   1.1872368e+00
   1.1964521e+00
   1.2058210e+00
   1.2152410e+00
   1.2249683e+00
   1.2345932e+00
   1.2437572e+00
   1.2523583e+00
   1.2604984e+00
   1.2685361e+00
   1.2763691e+00
   1.2840997e+00
   1.2916768e+00
   1.2992537e+00
   1.3066771e+00
   1.3137934e+00
   1.3208072e+00
   1.3275652e+00
   1.3342208e+00
   1.3408251e+00
   1.3471222e+00
   1.3531632e+00
   1.3591530e+00
   1.3651942e+00
   1.3710818e+00
   1.3771740e+00
   1.3832152e+00
   1.3888979e+00
   1.3941712e+00
   1.3991373e+00
   1.4038473e+00
   1.4085063e+00
   1.4130626e+00
   1.4175167e+00
   1.4217148e+00
   1.4256057e+00
   1.4292405e+00
   1.4325171e+00
   1.4355377e+00
   1.4387118e+00
   1.4419882e+00
   1.4451112e+00
   1.4476709e+00
   1.4498212e+00
   1.4519203e+00
   1.4539682e+00
   1.4556577e+00
   1.4569377e+00
   1.4580127e+00
   1.4588319e+00
   1.4593952e+00
   1.4599584e+00
   1.4605216e+00
   1.4611871e+00
   1.4618015e+00
   1.4622110e+00
   1.4624158e+00
   1.4626207e+00
   1.4624671e+00
   1.4620062e+00
   1.4610336e+00
   1.4598562e+00
   1.4587299e+00
   1.4577572e+00
   1.4566821e+00
   1.4556582e+00
   1.4547366e+00
   1.4537640e+00
   1.4525353e+00
   1.4511529e+00
   1.4496170e+00
   1.4479787e+00
   1.4463404e+00
   1.4444975e+00
   1.4425008e+00
   1.4401970e+00
   1.4379443e+00
   1.4359477e+00
   1.4339509e+00
   1.4319543e+00
   1.4301113e+00
   1.4280635e+00
   1.4256573e+00
   1.4228926e+00
   1.4199744e+00
   1.4170562e+00
   1.4140357e+00
   1.4111173e+00
   1.4083526e+00
   1.4056392e+00
   1.4028746e+00
   1.3998539e+00
   1.3965774e+00
   1.3933522e+00
   1.3903829e+00
   1.3875159e+00
   1.3848025e+00
   1.3819355e+00
   1.3789662e+00
   1.3758943e+00
   1.3729762e+00
   1.3699557e+00
   1.3667816e+00
   1.3637098e+00
   1.3607403e+00
   1.3578222e+00
   1.3551089e+00
   1.3526515e+00
   1.3504502e+00
   1.3480952e+00
   1.3454841e+00
   1.3431804e+00
   1.3412861e+00
   1.3395965e+00
   1.3378047e+00
   1.3359103e+00
   1.3344256e+00
   1.3331457e+00
   1.3318146e+00
   1.3303810e+00
   1.3289987e+00
   1.3279747e+00
   1.3270531e+00
   1.3261316e+00
   1.3254660e+00
   1.3252612e+00
   1.3254150e+00
   1.3256197e+00
   1.3256707e+00
   1.3257220e+00
   1.3260803e+00
   1.3266947e+00
   1.3274627e+00
   1.3283842e+00
   1.3294593e+00
   1.3306369e+00
   1.3319168e+00
   1.3334528e+00
   1.3351424e+00
   1.3369342e+00
   1.3389822e+00
   1.3411324e+00
   1.3433850e+00
   1.3457400e+00
   1.3481462e+00
   1.3506037e+00
   1.3531635e+00
   1.3562354e+00
   1.3596654e+00
   1.3632492e+00
   1.3672425e+00
   1.3712870e+00
   1.3753315e+00
   1.3793248e+00
   1.3835227e+00
   1.3878232e+00
   1.3921747e+00
   1.3965776e+00
   1.4010829e+00
   1.4053833e+00
   1.4093766e+00
   1.4133186e+00
   1.4174143e+00
   1.4219707e+00
   1.4268343e+00
   1.4321074e+00
   1.4373808e+00
   1.4424491e+00
   1.4476198e+00
   1.4528418e+00
   1.4582685e+00
   1.4637465e+00
   1.4694805e+00
   1.4752145e+00
   1.4808972e+00
   1.4865799e+00
   1.4923140e+00
   1.4981503e+00
   1.5042938e+00
   1.5105910e+00
   1.5168881e+00
   1.5230316e+00
   1.5291239e+00
   1.5350114e+00
   1.5410525e+00
   1.5472984e+00
   1.5538515e+00
   1.5604558e+00
   1.5673162e+00
   1.5742277e+00
   1.5807809e+00
   1.5872316e+00
   1.5938358e+00
   1.6007985e+00
   1.6082733e+00
   1.6156967e+00
   1.6229665e+00
   1.6301852e+00
   1.6373014e+00
   1.6443665e+00
   1.6515850e+00
   1.6590084e+00
   1.6664830e+00
   1.6739066e+00
   1.6812276e+00
   1.6881903e+00
   1.6952043e+00
   1.7027812e+00
   1.7107165e+00
   1.7187032e+00
   1.7265874e+00
   1.7342669e+00
   1.7416904e+00
   1.7489603e+00
   1.7562301e+00
   1.7636023e+00
   1.7711282e+00
   1.7787565e+00
   1.7865382e+00
   1.7941666e+00
   1.8019484e+00
   1.8098326e+00
   1.8176655e+00
   1.8256009e+00
   1.8334339e+00
   1.8414204e+00
   1.8492022e+00
   1.8569840e+00
   1.8646122e+00
   1.8719846e+00
   1.8795104e+00
   1.8872923e+00
   1.8951253e+00
   1.9027023e+00
   1.9102795e+00
   1.9176006e+00
   1.9250240e+00
   1.9324474e+00
   1.9399734e+00
   1.9480623e+00
   1.9564584e+00
   1.9647521e+00
   1.9725341e+00
   1.9802645e+00
   1.9879440e+00
   1.9957258e+00
   2.0033538e+00
   2.0110331e+00
   2.0190711e+00
   2.0273135e+00
   2.0356584e+00
   2.0435424e+00
   2.0511198e+00
   2.0585942e+00
   2.0661714e+00
   2.0738504e+00
   2.0816324e+00
   2.0891070e+00
   2.0962744e+00
   2.1035953e+00
   2.1112235e+00
   2.1190052e+00
   2.1266844e+00
   2.1342106e+00
   2.1413267e+00
   2.1481357e+00
   2.1546373e+00
   2.1609857e+00
   2.1674874e+00
   2.1742454e+00
   2.1807985e+00
   2.1870446e+00
   2.1932907e+00
   2.1991270e+00
   2.2048607e+00
   2.2104409e+00
   2.2159703e+00
   2.2215505e+00
   2.2268238e+00
   2.2316360e+00
   2.2359366e+00
   2.2399812e+00
   2.2439234e+00
   2.2480190e+00
   2.2525241e+00
   2.2568247e+00
   2.2607155e+00
   2.2641969e+00
   2.2673709e+00
   2.2703404e+00
   2.2732074e+00
   2.2760744e+00
   2.2787879e+00
   2.2811940e+00
   2.2834468e+00
   2.2853413e+00
   2.2870817e+00
   2.2886689e+00
   2.2897439e+00
   2.2905631e+00
   2.2909725e+00
   2.2913313e+00
   2.2915871e+00
   2.2919967e+00
   2.2920477e+00
   2.2916384e+00
   2.2908704e+00
   2.2900000e+00
   2.2890785e+00
   2.2880034e+00
   2.2866724e+00
   2.2850339e+00
   2.2830887e+00
   2.2806823e+00
   2.2782764e+00
   2.2757680e+00
   2.2732594e+00
   2.2705460e+00
   2.2672691e+00
   2.2637367e+00
   2.2600508e+00
   2.2562108e+00
   2.2519615e+00
   2.2472517e+00
   2.2422857e+00
   2.2373197e+00
   2.2321491e+00
   2.2266200e+00
   2.2206812e+00
   2.2145886e+00
   2.2083426e+00
   2.2019944e+00
   2.1953900e+00
   2.1886318e+00
   2.1817713e+00
   2.1746550e+00
   2.1674876e+00
   2.1601155e+00
   2.1524360e+00
   2.1447055e+00
   2.1366167e+00
   2.1283741e+00
   2.1199782e+00
   2.1116333e+00
   2.1031349e+00
   2.0942779e+00
   2.0851138e+00
   2.0754888e+00
   2.0654545e+00
   2.0552151e+00
   2.0448225e+00
   2.0339689e+00
   2.0229616e+00
   2.0120056e+00
   2.0012031e+00
   1.9904008e+00
   1.9791375e+00
   1.9678231e+00
   1.9564576e+00
   1.9453481e+00
   1.9343410e+00
   1.9231802e+00
   1.9117123e+00
   1.8997836e+00
   1.8875477e+00
   1.8750048e+00
   1.8625129e+00
   1.8497651e+00
   1.8367101e+00
   1.8237575e+00
   1.8109072e+00
   1.7979547e+00
   1.7848996e+00
   1.7714350e+00
   1.7579706e+00
   1.7446084e+00
   1.7311950e+00
   1.7180375e+00
   1.7049314e+00
   1.6916716e+00
   1.6780535e+00
   1.6639746e+00
   1.6494348e+00
   1.6349463e+00
   1.6207650e+00
   1.6065837e+00
   1.5924537e+00
   1.5782212e+00
   1.5639888e+00
   1.5496539e+00
   1.5351654e+00
   1.5204209e+00
   1.5054715e+00
   1.4905735e+00
   1.4756755e+00
   1.4604191e+00
   1.4448553e+00
   1.4291894e+00
   1.4136258e+00
   1.3979599e+00
   1.3824476e+00
   1.3670375e+00
   1.3519346e+00
   1.3368829e+00
   1.3216264e+00
   1.3061652e+00
   1.2903457e+00
   1.2746795e+00
   1.2589624e+00
   1.2432964e+00
   1.2274256e+00
   1.2114522e+00
   1.1952232e+00
   1.1788917e+00
   1.1627138e+00
   1.1466894e+00
   1.1309720e+00
   1.1153573e+00
   1.0996401e+00
   1.0837693e+00
   1.0676427e+00
   1.0513111e+00
   1.0348773e+00
   1.0183411e+00
   1.0021632e+00
   9.8624116e-01
   9.7067755e-01
   9.5506281e-01
   9.3944806e-01
   9.2398685e-01
   9.0878159e-01
   8.9352518e-01
   8.7796152e-01
   8.6214197e-01
   8.4627122e-01
   8.3050281e-01
   8.1473440e-01
   7.9896599e-01
   7.8314632e-01
   7.6742911e-01
   7.5166070e-01
   7.3589236e-01
   7.2032869e-01
   7.0507222e-01
   6.9002056e-01
   6.7486662e-01
   6.5966135e-01
   6.4476329e-01
   6.2976277e-01
   6.1476225e-01
   5.9981298e-01
   5.8496606e-01
   5.7022166e-01
   5.5557960e-01
   5.4073274e-01
   5.2598828e-01
   5.1129496e-01
   4.9649942e-01
   4.8190856e-01
   4.6736887e-01
   4.5288038e-01
   4.3834069e-01
   4.2395461e-01
   4.0972209e-01
   3.9548960e-01
   3.8105232e-01
   3.6656389e-01
   3.5181946e-01
   3.3722854e-01
   3.2309842e-01
   3.0942905e-01
   2.9591328e-01
   2.8183439e-01
   2.6744831e-01
   2.5311342e-01
   2.3934166e-01
   2.2608185e-01
   2.1266845e-01
   1.9910146e-01
   1.8527853e-01
   1.7155799e-01
   1.5763268e-01
   1.4340016e-01
   1.2927006e-01
   1.1534474e-01
   1.0198256e-01
   8.8569209e-02
   7.4899845e-02
   6.1230499e-02
   4.7868315e-02
   3.4659732e-02
   2.1655943e-02
   8.7033473e-03
  -4.3004625e-03
  -1.7560251e-02
  -3.1127213e-02
  -4.4847760e-02
  -5.8517102e-02
  -7.2084062e-02
  -8.5599817e-02
  -9.8910801e-02
  -1.1222178e-01
  -1.2537919e-01
  -1.3858779e-01
  -1.5194996e-01
  -1.6536333e-01
  -1.7862311e-01
  -1.9193408e-01
  -2.0544985e-01
  -2.1906801e-01
  -2.3243019e-01
  -2.4584354e-01
  -2.5910333e-01
  -2.7205592e-01
  -2.8465015e-01
  -2.9714200e-01
  -3.0978739e-01
  -3.2253522e-01
  -3.3538544e-01
  -3.4828684e-01
  -3.6134183e-01
  -3.7455043e-01
  -3.8791257e-01
  -4.0117237e-01
  -4.1407377e-01
  -4.2677039e-01
  -4.3977419e-01
  -4.5282915e-01
  -4.6619132e-01
  -4.7945112e-01
  -4.9245492e-01
  -5.0510037e-01
  -5.1738739e-01
  -5.2952087e-01
  -5.4165435e-01
  -5.5378783e-01
  -5.6592131e-01
  -5.7800359e-01
  -5.8988106e-01
  -6.0150254e-01
  -6.1291927e-01
  -6.2428480e-01
  -6.3575274e-01
  -6.4696467e-01
  -6.5786946e-01
  -6.6846704e-01
  -6.7875743e-01
  -6.8899661e-01
  -6.9933820e-01
  -7.0947498e-01
  -7.1935582e-01
  -7.2877586e-01
  -7.3819596e-01
  -7.4736011e-01
  -7.5672901e-01
  -7.6614904e-01
  -7.7510840e-01
  -7.8355569e-01
  -7.9169583e-01
  -8.0004078e-01
  -8.0807853e-01
  -8.1565559e-01
  -8.2277185e-01
  -8.2958090e-01
  -8.3649242e-01
  -8.4350628e-01
  -8.5026419e-01
  -8.5661256e-01
  -8.6275607e-01
  -8.6859244e-01
  -8.7417281e-01
  -8.7970197e-01
  -8.8517994e-01
  -8.9024836e-01
  -8.9480484e-01
  -8.9884937e-01
  -9.0258664e-01
  -9.0601677e-01
  -9.0903735e-01
  -9.1205788e-01
  -9.1487366e-01
  -9.1748470e-01
  -9.1989100e-01
  -9.2209244e-01
  -9.2419147e-01
  -9.2613697e-01
  -9.2757040e-01
  -9.2833835e-01
  -9.2885035e-01
  -9.2941344e-01
  -9.2982292e-01
  -9.3013012e-01
  -9.3043727e-01
  -9.3053967e-01
  -9.3028373e-01
  -9.2966938e-01
  -9.2895263e-01
  -9.2828709e-01
  -9.2731434e-01
  -9.2598325e-01
  -9.2419142e-01
  -9.2188758e-01
  -9.1958374e-01
  -9.1738236e-01
  -9.1487366e-01
  -9.1185302e-01
  -9.0893483e-01
  -9.0586305e-01
  -9.0253532e-01
  -8.9890033e-01
  -8.9526546e-01
  -8.9168173e-01
  -8.8789326e-01
  -8.8400233e-01
  -8.8000906e-01
  -8.7596458e-01
  -8.7207371e-01
  -8.6818290e-01
  -8.6388248e-01
  -8.5922354e-01
  -8.5446239e-01
  -8.4970117e-01
  -8.4519589e-01
  -8.4094661e-01
  -8.3679968e-01
  -8.3244801e-01
  -8.2773799e-01
  -8.2282317e-01
  -8.1806195e-01
  -8.1340313e-01
  -8.0894899e-01
  -8.0418777e-01
  -7.9927295e-01
  -7.9410219e-01
  -7.8882897e-01
  -7.8365815e-01
  -7.7858973e-01
  -7.7357244e-01
  -7.6824814e-01
  -7.6282132e-01
  -7.5739455e-01
  -7.5217259e-01
  -7.4710417e-01
  -7.4193335e-01
  -7.3660898e-01
  -7.3107976e-01
  -7.2560173e-01
  -7.2002137e-01
  -7.1459454e-01
  -7.0942372e-01
  -7.0435530e-01
  -6.9887733e-01
  -6.9329697e-01
  -6.8802381e-01
  -6.8295538e-01
  -6.7788696e-01
  -6.7266500e-01
  -6.6749418e-01
  -6.6242588e-01
  -6.5751100e-01
  -6.5259618e-01
  -6.4757895e-01
  -6.4230573e-01
  -6.3682783e-01
  -6.3150340e-01
  -6.2638378e-01
  -6.2162250e-01
  -6.1665654e-01
  -6.1138338e-01
  -6.0570061e-01
  -6.0006905e-01
  -5.9443754e-01
  -5.8890837e-01
  -5.8353281e-01
  -5.7810605e-01
  -5.7257682e-01
  -5.6674051e-01
  -5.6090420e-01
  -5.5522144e-01
  -5.4974341e-01
  -5.4441905e-01
  -5.3858268e-01
  -5.3254145e-01
  -5.2685875e-01
  -5.2158558e-01
  -5.1610768e-01
  -5.1057851e-01
  -5.0499815e-01
  -4.9952015e-01
  -4.9383736e-01
  -4.8810339e-01
  -4.8257422e-01
  -4.7730103e-01
  -4.7202784e-01
  -4.6649867e-01
  -4.6055990e-01
  -4.5410916e-01
  -4.4770965e-01
  -4.4166854e-01
  -4.3557617e-01
  -4.2933026e-01
  -4.2277712e-01
  -4.1612160e-01
  -4.0967089e-01
  -4.0352735e-01
  -3.9753741e-01
  -3.9154744e-01
  -3.8555750e-01
  -3.7936276e-01
  -3.7265608e-01
  -3.6579579e-01
  -3.5924271e-01
  -3.5289440e-01
  -3.4675086e-01
  -3.4070969e-01
  -3.3451498e-01
  -3.2821786e-01
  -3.2181835e-01
  -3.1567481e-01
  -3.0948010e-01
  -3.0313182e-01
  -2.9668114e-01
  -2.9043522e-01
  -2.8424054e-01
  -2.7814823e-01
  -2.7174878e-01
  -2.6524690e-01
  -2.5889859e-01
  -2.5265265e-01
  -2.4620196e-01
  -2.3995605e-01
  -2.3391491e-01
  -2.2777139e-01
  -2.2188383e-01
  -2.1625227e-01
  -2.1077429e-01
  -2.0529629e-01
  -1.9956233e-01
  -1.9357239e-01
  -1.8753123e-01
  -1.8159248e-01
  -1.7606330e-01
  -1.7079009e-01
  -1.6541448e-01
  -1.5993650e-01
  -1.5425372e-01
  -1.4872454e-01
  -1.4334896e-01
  -1.3838296e-01
  -1.3346812e-01
  -1.2865570e-01
  -1.2389445e-01
  -1.1897968e-01
  -1.1411604e-01
  -1.0950840e-01
  -1.0520793e-01
  -1.0100986e-01
  -9.6607000e-02
  -9.2255332e-02
  -8.7903664e-02
  -8.3961569e-02
  -8.0019481e-02
  -7.5872593e-02
  -7.1623325e-02
  -6.7322850e-02
  -6.3073575e-02
  -5.8977880e-02
  -5.5086982e-02
  -5.1452063e-02
  -4.8021924e-02
  -4.4591788e-02
  -4.1008063e-02
  -3.7475530e-02
  -3.4301370e-02
  -3.1331997e-02
  -2.8823391e-02
  -2.6673157e-02
  -2.4215743e-02
  -2.1758337e-02
  -1.9505709e-02
  -1.7611455e-02
  -1.5819591e-02
  -1.3822942e-02
  -1.1723903e-02
  -9.8296478e-03
  -8.2425680e-03
  -6.7066890e-03
  -5.3243930e-03
  -4.3004695e-03
  -3.4301362e-03
  -2.5086049e-03
  -1.4334907e-03
  -1.5358883e-04
   9.2152861e-04
   1.5870762e-03
   2.0990376e-03
   2.4062127e-03
   2.6109980e-03
   2.7645892e-03
   2.8669816e-03
   2.9181761e-03
   3.0205674e-03
   3.1229607e-03
   3.1229600e-03
   2.4062144e-03
   1.3310969e-03
   6.1435153e-04
   1.5358812e-04
  -6.1435282e-04
  -1.8942540e-03
  -3.5325282e-03
  -5.5291750e-03
  -7.4234307e-03
  -9.3688807e-03
  -1.1263139e-02
  -1.3055000e-02
  -1.5000450e-02
  -1.7201882e-02
  -1.9761685e-02
  -2.2628665e-02
  -2.5546839e-02
  -2.8618604e-02
  -3.1895153e-02
  -3.5171699e-02
  -3.8704231e-02
  -4.2543937e-02
  -4.6639618e-02
  -5.0837696e-02
  -5.5189364e-02
  -5.9745815e-02
  -6.4404659e-02
  -6.9473065e-02
  -7.4746259e-02
  -8.0019459e-02
  -8.5395046e-02
  -9.1077812e-02
  -9.7221337e-02
  -1.0351846e-01
  -1.0981558e-01
  -1.1606149e-01
  -1.2276818e-01
  -1.2973085e-01
  -1.3669351e-01
  -1.4391215e-01
  -1.5138678e-01
  -1.5901500e-01
  -1.6669440e-01
  -1.7468099e-01
  -1.8302596e-01
  -1.9157571e-01
  -2.0027903e-01
  -2.0898236e-01
  -2.1753210e-01
  -2.2623542e-01
  -2.3519473e-01
  -2.4430762e-01
  -2.5336933e-01
  -2.6268700e-01
  -2.7236307e-01
  -2.8224391e-01
  -2.9227835e-01
  -3.0226159e-01
  -3.1244960e-01
  -3.2268882e-01
  -3.3292803e-01
  -3.4311604e-01
  -3.5345766e-01
  -3.6395285e-01
  -3.7460166e-01
  -3.8550642e-01
  -3.9666715e-01
  -4.0808386e-01
  -4.1955179e-01
  -4.3107089e-01
  -4.4274360e-01
  -4.5456991e-01
  -4.6644741e-01
  -4.7852969e-01
  -4.9061197e-01
  -5.0259185e-01
  -5.1477653e-01
  -5.2711481e-01
  -5.3935069e-01
  -5.5122817e-01
  -5.6300324e-01
  -5.7513672e-01
  -5.8767974e-01
  -6.0037637e-01
  -6.1271459e-01
  -6.2479681e-01
  -6.3657194e-01
  -6.4844942e-01
  -6.6037810e-01
  -6.7251158e-01
  -6.8484986e-01
  -6.9734168e-01
  -7.1003830e-01
  -7.2293967e-01
  -7.3573869e-01
  -7.4843532e-01
  -7.6082474e-01
  -7.7306062e-01
  -7.8565484e-01
  -7.9850507e-01
  -8.1125289e-01
  -8.2379586e-01
  -8.3623654e-01
  -8.4877956e-01
  -8.6127138e-01
  -8.7381440e-01
  -8.8625509e-01
  -8.9849097e-01
  -9.1067564e-01
  -9.2316747e-01
  -9.3576175e-01
  -9.4830477e-01
  -9.6069419e-01
  -9.7303247e-01
  -9.8552430e-01
  -9.9776018e-01
  -1.0098937e+00
  -1.0223855e+00
  -1.0350310e+00
  -1.0475740e+00
  -1.0600659e+00
  -1.0726089e+00
  -1.0849471e+00
  -1.0971317e+00
  -1.1090093e+00
  -1.1206820e+00
  -1.1323547e+00
  -1.1442834e+00
  -1.1560584e+00
  -1.1676799e+00
  -1.1793014e+00
  -1.1915885e+00
  -1.2039779e+00
  -1.2160089e+00
  -1.2276816e+00
  -1.2391496e+00
  -1.2507199e+00
  -1.2623926e+00
  -1.2743725e+00
  -1.2863524e+00
  -1.2981274e+00
  -1.3094929e+00
  -1.3205513e+00
  -1.3316609e+00
  -1.3426168e+00
  -1.3534191e+00
  -1.3641703e+00
  -1.3748703e+00
  -1.3852119e+00
  -1.3954000e+00
  -1.4054345e+00
  -1.4152642e+00
  -1.4249915e+00
  -1.4347187e+00
  -1.4445996e+00
  -1.4543269e+00
  -1.4640541e+00
  -1.4739861e+00
  -1.4836111e+00
  -1.4934407e+00
  -1.5032704e+00
  -1.5126394e+00
  -1.5215987e+00
  -1.5306091e+00
  -1.5394149e+00
  -1.5483230e+00
  -1.5570775e+00
  -1.5658833e+00
  -1.5747914e+00
  -1.5832387e+00
  -1.5911741e+00
  -1.5982903e+00
  -1.6052017e+00
  -1.6121644e+00
  -1.6190759e+00
  -1.6261410e+00
  -1.6331036e+00
  -1.6399637e+00
  -1.6464657e+00
  -1.6526604e+00
  -1.6585480e+00
  -1.6642307e+00
  -1.6698623e+00
  -1.6755451e+00
  -1.6808695e+00
  -1.6858866e+00
  -1.6910063e+00
  -1.6961771e+00
  -1.7009896e+00
  -1.7054436e+00
  -1.7095904e+00
  -1.7136350e+00
  -1.7176282e+00
  -1.7214680e+00
  -1.7252053e+00
  -1.7288914e+00
  -1.7319121e+00
  -1.7344207e+00
  -1.7367246e+00
  -1.7389259e+00
  -1.7409228e+00
  -1.7427145e+00
  -1.7443528e+00
  -1.7459911e+00
  -1.7474757e+00
  -1.7487046e+00
  -1.7496262e+00
  -1.7502406e+00
  -1.7506500e+00
  -1.7509060e+00
  -1.7509571e+00
  -1.7508036e+00
  -1.7504965e+00
  -1.7499334e+00
  -1.7489606e+00
  -1.7477831e+00
  -1.7461959e+00
  -1.7439945e+00
  -1.7415882e+00
  -1.7391820e+00
  -1.7367759e+00
  -1.7344209e+00
  -1.7318611e+00
  -1.7291988e+00
  -1.7266392e+00
  -1.7239256e+00
  -1.7207001e+00
  -1.7172701e+00
  -1.7136352e+00
  -1.7102563e+00
  -1.7069285e+00
  -1.7031400e+00
  -1.6991979e+00
  -1.6950508e+00
  -1.6906480e+00
  -1.6861428e+00
  -1.6814839e+00
  -1.6770811e+00
  -1.6723200e+00
  -1.6672516e+00
  -1.6622343e+00
  -1.6571146e+00
  -1.6518414e+00
  -1.6463635e+00
  -1.6404760e+00
  -1.6344348e+00
  -1.6280866e+00
  -1.6216359e+00
  -1.6156971e+00
  -1.6098095e+00
  -1.6039219e+00
  -1.5977273e+00
  -1.5914301e+00
  -1.5852864e+00
  -1.5792453e+00
  -1.5729994e+00
  -1.5663950e+00
  -1.5594835e+00
  -1.5525209e+00
  -1.5456606e+00
  -1.5386978e+00
  -1.5313257e+00
  -1.5235441e+00
  -1.5159159e+00
  -1.5084925e+00
  -1.5006593e+00
  -1.4923143e+00
  -1.4836622e+00
  -1.4750612e+00
  -1.4664091e+00
  -1.4575011e+00
  -1.4484395e+00
  -1.4393265e+00
  -1.4302647e+00
  -1.4210494e+00
  -1.4119364e+00
  -1.4026699e+00
  -1.3930962e+00
  -1.3831130e+00
  -1.3729250e+00
  -1.3628393e+00
  -1.3527538e+00
  -1.3424634e+00
  -1.3319170e+00
  -1.3211145e+00
  -1.3101074e+00
  -1.2992537e+00
  -1.2883490e+00
  -1.2772907e+00
  -1.2659764e+00
  -1.2545085e+00
  -1.2427845e+00
  -1.2308558e+00
  -1.2189783e+00
  -1.2069986e+00
  -1.1950699e+00
  -1.1836020e+00
  -1.1720316e+00
  -1.1601031e+00
  -1.1478672e+00
  -1.1353753e+00
  -1.1228834e+00
  -1.1102380e+00
  -1.0973877e+00
  -1.0844351e+00
  -1.0716871e+00
  -1.0589905e+00
  -1.0459356e+00
  -1.0322151e+00
  -1.0181873e+00
  -1.0043132e+00
  -9.9084866e-01
  -9.7743535e-01
  -9.6381724e-01
  -9.4973826e-01
  -9.3535221e-01
  -9.2081261e-01
  -9.0632409e-01
  -8.9178443e-01
  -8.7714231e-01
  -8.6270499e-01
  -8.4842128e-01
  -8.3423996e-01
  -8.2000750e-01
  -8.0572373e-01
  -7.9123527e-01
  -7.7649081e-01
  -7.6128560e-01
  -7.4608034e-01
  -7.3138714e-01
  -7.1715462e-01
  -7.0312691e-01
  -6.8874079e-01
  -6.7358673e-01
  -6.5807438e-01
  -6.4251071e-01
  -6.2725425e-01
  -6.1235619e-01
  -5.9766287e-01
  -5.8307195e-01
  -5.6863469e-01
  -5.5435091e-01
  -5.3965759e-01
  -5.2440125e-01
  -5.0945199e-01
  -4.9486130e-01
  -4.8073122e-01
  -4.6675470e-01
  -4.5298296e-01
  -4.3941599e-01
  -4.2543945e-01
  -4.1115576e-01
  -3.9692318e-01
  -3.8284427e-01
  -3.6876535e-01
  -3.5499364e-01
  -3.4163144e-01
  -3.2898602e-01
  -3.1664774e-01
  -3.0415589e-01
  -2.9135686e-01
  -2.7876264e-01
  -2.6647553e-01
  -2.5444445e-01
  -2.4256697e-01
  -2.3058714e-01
  -2.1855600e-01
  -2.0642251e-01
  -1.9439144e-01
  -1.8271874e-01
  -1.7181398e-01
  -1.6147240e-01
  -1.5102838e-01
  -1.4053319e-01
  -1.2988442e-01
  -1.1887726e-01
  -1.0792132e-01
  -9.7374931e-02
  -8.7494090e-02
  -7.8074016e-02
  -6.8653934e-02
  -5.9182663e-02
  -4.9864978e-02
  -4.0854465e-02
  -3.1843964e-02
  -2.2833457e-02
  -1.4334911e-02
  -6.2459335e-03
   1.7406384e-03
   9.7272350e-03
   1.8123411e-02
   2.6365969e-02
   3.4045380e-02
   4.1315224e-02
   4.8482679e-02
   5.5701323e-02
   6.2919974e-02
   6.9985025e-02
   7.6589316e-02
   8.2988821e-02
   8.9388326e-02
   9.5685445e-02
   1.0188017e-01
   1.0797250e-01
   1.1380886e-01
   1.1949162e-01
   1.2486722e-01
   1.3039638e-01
   1.3613033e-01
   1.4212027e-01
   1.4836620e-01
   1.5430494e-01
   1.5952694e-01
   1.6418579e-01
   1.6889584e-01
   1.7386185e-01
   1.7898145e-01
   1.8394746e-01
   1.8875989e-01
   1.9346994e-01
   1.9802639e-01
   2.0222446e-01
   2.0591059e-01
   2.0969909e-01
   2.1343641e-01
   2.1727613e-01
   2.2137181e-01
   2.2567227e-01
   2.2961438e-01
   2.3278853e-01
   2.3570672e-01
   2.3882966e-01
   2.4231099e-01
   2.4579231e-01
   2.4922246e-01
   2.5260141e-01
   2.5633872e-01
   2.6012725e-01
   2.6371095e-01
   2.6714110e-01
   2.7077600e-01
   2.7441090e-01
   2.7773866e-01
   2.8070804e-01
   2.8337026e-01
   2.8587887e-01
   2.8823391e-01
   2.9064015e-01
   2.9335353e-01
   2.9668126e-01
   3.0016261e-01
   3.0349034e-01
   3.0681807e-01
   3.1019703e-01
   3.1342238e-01
   3.1654537e-01
   3.1941232e-01
   3.2233050e-01
   3.2535106e-01
   3.2847404e-01
   3.3164820e-01
   3.3502716e-01
   3.3830369e-01
   3.4132424e-01
   3.4408882e-01
   3.4700701e-01
   3.5018113e-01
   3.5345769e-01
   3.5668305e-01
   3.5939643e-01
   3.6185387e-01
   3.6426008e-01
   3.6651272e-01
   3.6871412e-01
   3.7076199e-01
   3.7280980e-01
   3.7485763e-01
   3.7721264e-01
   3.7997723e-01
   3.8315138e-01
   3.8622314e-01
   3.8909012e-01
   3.9180347e-01
   3.9431211e-01
   3.9671832e-01
   3.9922693e-01
   4.0132597e-01
   4.0342501e-01
   4.0562642e-01
   4.0782788e-01
   4.1018289e-01
   4.1269153e-01
   4.1509774e-01
   4.1709438e-01
   4.1863027e-01
   4.2001253e-01
   4.2165080e-01
   4.2339146e-01
   4.2518336e-01
   4.2697519e-01
   4.2881826e-01
   4.3076369e-01
   4.3270913e-01
   4.3465456e-01
   4.3639523e-01
   4.3813592e-01
   4.4013259e-01
   4.4259000e-01
   4.4509858e-01
   4.4719762e-01
   4.4898948e-01
   4.5052540e-01
   4.5185646e-01
   4.5308518e-01
   4.5436510e-01
   4.5559379e-01
   4.5677131e-01
   4.5810241e-01
   4.5943350e-01
   4.6055982e-01
   4.6163490e-01
   4.6286359e-01
   4.6439946e-01
   4.6603772e-01
   4.6767598e-01
   4.6936545e-01
   4.7110611e-01
   4.7289798e-01
   4.7453624e-01
   4.7602093e-01
   4.7709605e-01
   4.7786400e-01
   4.7847837e-01
   4.7909272e-01
   4.7975826e-01
   4.8067981e-01
   4.8165253e-01
   4.8277888e-01
   4.8375160e-01
   4.8462194e-01
   4.8538986e-01
   4.8626018e-01
   4.8728409e-01
   4.8830801e-01
   4.8928073e-01
   4.9009988e-01
   4.9050945e-01
   4.9061185e-01
   4.9097022e-01
   4.9158460e-01
   4.9245495e-01
   4.9347886e-01
   4.9429801e-01
   4.9496359e-01
   4.9547553e-01
   4.9608988e-01
   4.9675542e-01
   4.9742097e-01
   4.9793294e-01
   4.9839368e-01
   4.9870089e-01
   4.9885449e-01
   4.9921286e-01
   4.9957120e-01
   4.9998078e-01
   5.0064629e-01
   5.0120950e-01
   5.0156784e-01
   5.0167024e-01
   5.0161910e-01
   5.0156784e-01
   5.0156790e-01
   5.0161910e-01
   5.0161904e-01
   5.0207978e-01
   5.0264293e-01
   5.0341088e-01
   5.0417882e-01
   5.0484437e-01
   5.0525397e-01
   5.0581712e-01
   5.0632912e-01
   5.0689226e-01
   5.0755787e-01
   5.0801867e-01
   5.0812101e-01
   5.0806987e-01
   5.0806987e-01
   5.0832582e-01
   5.0878656e-01
   5.0929850e-01
   5.0981051e-01
   5.1037365e-01
   5.1078320e-01
   5.1109040e-01
   5.1160234e-01
   5.1216555e-01
   5.1257509e-01
   5.1272869e-01
   5.1277983e-01
   5.1277983e-01
   5.1257509e-01
   5.1216549e-01
   5.1185834e-01
   5.1160234e-01
   5.1144874e-01
   5.1103914e-01
   5.1037365e-01
   5.0960565e-01
   5.0909370e-01
   5.0868410e-01
   5.0817221e-01
   5.0730181e-01
   5.0617546e-01
   5.0504917e-01
   5.0387168e-01
   5.0248939e-01
   5.0115830e-01
   4.9967360e-01
   4.9777937e-01
   4.9568033e-01
   4.9358127e-01
   4.9168700e-01
   4.8979276e-01
   4.8764253e-01
   4.8564589e-01
   4.8370042e-01
   4.8149899e-01
   4.7883683e-01
   4.7581625e-01
   4.7279567e-01
   4.6992868e-01
   4.6690813e-01
   4.6388757e-01
   4.6066219e-01
   4.5702726e-01
   4.5293155e-01
   4.4837514e-01
   4.4361389e-01
   4.3910864e-01
   4.3480816e-01
   4.2999575e-01
   4.2497852e-01
   4.1965416e-01
   4.1392019e-01
   4.0787905e-01
   4.0188912e-01
   3.9595041e-01
   3.8985804e-01
   3.8345852e-01
   3.7705904e-01
   3.7081313e-01
   3.6441362e-01
   3.5734856e-01
   3.4961796e-01
   3.4147778e-01
   3.3318397e-01
   3.2489023e-01
   3.1649411e-01
   3.0743238e-01
   2.9801229e-01
   2.8864339e-01
   2.7942809e-01
   2.7000803e-01
   2.6017836e-01
   2.5034872e-01
   2.4036552e-01
   2.3002397e-01
   2.1922159e-01
   2.0800965e-01
   1.9669528e-01
   1.8532975e-01
   1.7381065e-01
   1.6224034e-01
   1.5020928e-01
   1.3771743e-01
   1.2491842e-01
   1.1206819e-01
   9.9269181e-02
   8.6521365e-02
   7.3773541e-02
   6.0820930e-02
   4.7253978e-02
   3.3226240e-02
   1.8840125e-02
   4.3516350e-03
  -1.0188051e-02
  -2.4727721e-02
  -3.9574567e-02
  -5.5086978e-02
  -7.1162537e-02
  -8.6982124e-02
  -1.0259692e-01
  -1.1836530e-01
  -1.3413370e-01
  -1.5036285e-01
  -1.6725756e-01
  -1.8440823e-01
  -2.0130295e-01
  -2.1819766e-01
  -2.3529716e-01
  -2.5270382e-01
  -2.7031523e-01
  -2.8818268e-01
  -3.0661327e-01
  -3.2509503e-01
  -3.4357679e-01
  -3.6185378e-01
  -3.8033557e-01
  -3.9922690e-01
  -4.1832304e-01
  -4.3736798e-01
  -4.5641291e-01
  -4.7556022e-01
  -4.9480996e-01
  -5.1421326e-01
  -5.3356540e-01
  -5.5266154e-01
  -5.7170647e-01
  -5.9090501e-01
  -6.1000115e-01
  -6.2945563e-01
  -6.4916611e-01
  -6.6882545e-01
  -6.8807518e-01
  -7.0701772e-01
  -7.2606266e-01
  -7.4546593e-01
  -7.6507401e-01
  -7.8473336e-01
  -8.0459744e-01
  -8.2435912e-01
  -8.4396720e-01
  -8.6321694e-01
  -8.8272268e-01
  -9.0253556e-01
  -9.2245078e-01
  -9.4231486e-01
  -9.6187174e-01
  -9.8137742e-01
  -1.0010368e+00
  -1.0209008e+00
  -1.0403554e+00
  -1.0592979e+00
  -1.0784966e+00
  -1.0976439e+00
  -1.1164840e+00
  -1.1352217e+00
  -1.1539595e+00
  -1.1726460e+00
  -1.1911790e+00
  -1.2094048e+00
  -1.2276818e+00
  -1.2458564e+00
  -1.2639798e+00
  -1.2820008e+00
  -1.3000216e+00
  -1.3181963e+00
  -1.3363709e+00
  -1.3544432e+00
  -1.3723106e+00
  -1.3898196e+00
  -1.4071752e+00
  -1.4245306e+00
  -1.4417325e+00
  -1.4588832e+00
  -1.4760851e+00
  -1.4931846e+00
  -1.5099256e+00
  -1.5262060e+00
  -1.5423840e+00
  -1.5588180e+00
  -1.5754055e+00
  -1.5918393e+00
  -1.6078637e+00
  -1.6234273e+00
  -1.6387861e+00
  -1.6540425e+00
  -1.6689917e+00
  -1.6839920e+00
  -1.6990438e+00
  -1.7137882e+00
  -1.7282255e+00
  -1.7423043e+00
  -1.7566904e+00
  -1.7709229e+00
  -1.7848995e+00
  -1.7984152e+00
  -1.8117262e+00
  -1.8250372e+00
  -1.8383482e+00
  -1.8514031e+00
  -1.8640486e+00
  -1.8765404e+00
  -1.8888787e+00
  -1.9012170e+00
  -1.9136577e+00
  -1.9260982e+00
  -1.9382830e+00
  -1.9500068e+00
  -1.9611676e+00
  -1.9718674e+00
  -1.9824650e+00
  -1.9931138e+00
  -2.0036602e+00
  -2.0137970e+00
  -2.0232682e+00
  -2.0322788e+00
  -2.0412383e+00
  -2.0500953e+00
  -2.0586963e+00
  -2.0670924e+00
  -2.0752838e+00
  -2.0828094e+00
  -2.0896187e+00
  -2.0960183e+00
  -2.1021616e+00
  -2.1082540e+00
  -2.1140904e+00
  -2.1195171e+00
  -2.1244831e+00
  -2.1293979e+00
  -2.1343639e+00
  -2.1391764e+00
  -2.1437840e+00
  -2.1481357e+00
  -2.1520269e+00
  -2.1555593e+00
  -2.1587336e+00
  -2.1617541e+00
  -2.1645186e+00
  -2.1668224e+00
  -2.1686141e+00
  -2.1697404e+00
  -2.1704061e+00
  -2.1706622e+00
  -2.1706109e+00
  -2.1702013e+00
  -2.1694336e+00
  -2.1682560e+00
  -2.1668224e+00
  -2.1650817e+00
  -2.1628804e+00
  -2.1604228e+00
  -2.1576583e+00
  -2.1544330e+00
  -2.1505935e+00
  -2.1462417e+00
  -2.1416340e+00
  -2.1370268e+00
  -2.1321120e+00
  -2.1264801e+00
  -2.1205416e+00
  -2.1139371e+00
  -2.1065648e+00
  -2.0988343e+00
  -2.0909498e+00
  -2.0829632e+00
  -2.0747206e+00
  -2.0660174e+00
  -2.0572629e+00
  -2.0478940e+00
  -2.0380132e+00
  -2.0274155e+00
  -2.0163059e+00
  -2.0048892e+00
  -1.9933699e+00
  -1.9814924e+00
  -1.9694613e+00
  -1.9571744e+00
  -1.9448874e+00
  -1.9323955e+00
  -1.9191869e+00
  -1.9054666e+00
  -1.8915412e+00
  -1.8774624e+00
  -1.8632299e+00
  -1.8486903e+00
  -1.8339969e+00
  -1.8190475e+00
  -1.8039958e+00
  -1.7888418e+00
  -1.7734829e+00
  -1.7581241e+00
  -1.7427140e+00
  -1.7269969e+00
  -1.7112285e+00
  -1.6954600e+00
  -1.6793333e+00
  -1.6626943e+00
  -1.6457996e+00
  -1.6288538e+00
  -1.6120616e+00
  -1.5953205e+00
  -1.5787330e+00
  -1.5621455e+00
  -1.5454044e+00
  -1.5283049e+00
  -1.5111543e+00
  -1.4938500e+00
  -1.4764946e+00
  -1.4591393e+00
  -1.4416302e+00
  -1.4243259e+00
  -1.4069706e+00
  -1.3893591e+00
  -1.3713381e+00
  -1.3531634e+00
  -1.3351424e+00
  -1.3171214e+00
  -1.2992027e+00
  -1.2813352e+00
  -1.2636214e+00
  -1.2459588e+00
  -1.2283473e+00
  -1.2106847e+00
  -1.1932781e+00
  -1.1757178e+00
  -1.1580551e+00
  -1.1402900e+00
  -1.1225249e+00
  -1.1046575e+00
  -1.0865853e+00
  -1.0682060e+00
  -1.0498266e+00
  -1.0318568e+00
  -1.0140917e+00
  -9.9612188e-01
  -9.7779369e-01
  -9.5931190e-01
  -9.4093257e-01
  -9.2250192e-01
  -9.0453207e-01
  -8.8702297e-01
  -8.6956507e-01
  -8.5200483e-01
  -8.3449578e-01
  -8.1688434e-01
  -7.9922175e-01
  -7.8135431e-01
  -7.6369172e-01
  -7.4608022e-01
  -7.2851992e-01
  -7.1111333e-01
  -6.9386023e-01
  -6.7660713e-01
  -6.5930289e-01
  -6.4179391e-01
  -6.2387532e-01
  -6.0575193e-01
  -5.8788455e-01
  -5.7032424e-01
  -5.5281520e-01
  -5.3510135e-01
  -5.1723391e-01
  -4.9941778e-01
  -4.8195997e-01
  -4.6460453e-01
  -4.4724905e-01
  -4.2974004e-01
  -4.1207740e-01
  -3.9446592e-01
  -3.7685448e-01
  -3.5929421e-01
  -3.4193870e-01
  -3.2422489e-01
  -3.0620387e-01
  -2.8823400e-01
  -2.7067378e-01
  -2.5311351e-01
  -2.3545085e-01
  -2.1763463e-01
  -1.9976719e-01
  -1.8195091e-01
  -1.6428822e-01
  -1.4652313e-01
  -1.2875804e-01
  -1.1099302e-01
  -9.3330391e-02
  -7.5565346e-02
  -5.7646729e-02
  -3.9779298e-02
  -2.1655893e-02
  -3.6348575e-03
   1.4181367e-02
   3.1792801e-02
   4.9148280e-02
   6.6401355e-02
   8.3603226e-02
   1.0106106e-01
   1.1867251e-01
   1.3643755e-01
   1.5415138e-01
   1.7181404e-01
   1.8968147e-01
   2.0760007e-01
   2.2510912e-01
   2.4261817e-01
   2.6007605e-01
   2.7753389e-01
   2.9483816e-01
   3.1209126e-01
   3.2908836e-01
   3.4603426e-01
   3.6298013e-01
   3.8002843e-01
   3.9702553e-01
   4.1412503e-01
   4.3148047e-01
   4.4883597e-01
   4.6598664e-01
   4.8308614e-01
   5.0013441e-01
   5.1733631e-01
   5.3464055e-01
   5.5225199e-01
   5.7006818e-01
   5.8762842e-01
   6.0483032e-01
   6.2182742e-01
   6.3892686e-01
   6.5612876e-01
   6.7353541e-01
   6.9104445e-01
   7.0860469e-01
   7.2626734e-01
   7.4398118e-01
   7.6128542e-01
   7.7843612e-01
   7.9574043e-01
   8.1299347e-01
   8.3014417e-01
   8.4714127e-01
   8.6398482e-01
   8.8082832e-01
   8.9813256e-01
   9.1564161e-01
   9.3325311e-01
   9.5076215e-01
   9.6837360e-01
   9.8613864e-01
   1.0039549e+00
   1.0218735e+00
   1.0398946e+00
   1.0576596e+00
   1.0753734e+00
   1.0929337e+00
   1.1103404e+00
   1.1275423e+00
   1.1448977e+00
   1.1622019e+00
   1.1796086e+00
   1.1973224e+00
   1.2152922e+00
   1.2330060e+00
   1.2504127e+00
   1.2678194e+00
   1.2855333e+00
   1.3032472e+00
   1.3209610e+00
   1.3388797e+00
   1.3569007e+00
   1.3749729e+00
   1.3928404e+00
   1.4106566e+00
   1.4285240e+00
   1.4466988e+00
   1.4651805e+00
   1.4835088e+00
   1.5016835e+00
   1.5196533e+00
   1.5374694e+00
   1.5551832e+00
   1.5726410e+00
   1.5903037e+00
   1.6081710e+00
   1.6259360e+00
   1.6435475e+00
   1.6611077e+00
   1.6784120e+00
   1.6954603e+00
   1.7125598e+00
   1.7299664e+00
   1.7477314e+00
   1.7656502e+00
   1.7832104e+00
   1.8003610e+00
   1.8172557e+00
   1.8338945e+00
   1.8503796e+00
   1.8671719e+00
   1.8840666e+00
   1.9008590e+00
   1.9172930e+00
   1.9333686e+00
   1.9492393e+00
   1.9651612e+00
   1.9809295e+00
   1.9967490e+00
   2.0123639e+00
   2.0279787e+00
   2.0435934e+00
   2.0591059e+00
   2.0744648e+00
   2.0896702e+00
   2.1048753e+00
   2.1201828e+00
   2.1353879e+00
   2.1504395e+00
   2.1655421e+00
   2.1806450e+00
   2.1956971e+00
   2.2105951e+00
   2.2251859e+00
   2.2394185e+00
   2.2533441e+00
   2.2671158e+00
   2.2807853e+00
   2.2940450e+00
   2.3071511e+00
   2.3201036e+00
   2.3330562e+00
   2.3458042e+00
   2.3585007e+00
   2.3709927e+00
   2.3834331e+00
   2.3959761e+00
   2.4086215e+00
   2.4209599e+00
   2.4331448e+00
   2.4449198e+00
   2.4563875e+00
   2.4677532e+00
   2.4793236e+00
   2.4909451e+00
   2.5023618e+00
   2.5133688e+00
   2.5239153e+00
   2.5342054e+00
   2.5442400e+00
   2.5541208e+00
   2.5637968e+00
   2.5733194e+00
   2.5827396e+00
   2.5920572e+00
   2.6013234e+00
   2.6103854e+00
   2.6192424e+00
   2.6278434e+00
   2.6361372e+00
   2.6445336e+00
   2.6528270e+00
   2.6609674e+00
   2.6689026e+00
   2.6766334e+00
   2.6840057e+00
   2.6912243e+00
   2.6982894e+00
   2.7054060e+00
   2.7124195e+00
   2.7193823e+00
   2.7260890e+00
   2.7322326e+00
   2.7378640e+00
   2.7434955e+00
   2.7489223e+00
   2.7540932e+00
   2.7591102e+00
   2.7640250e+00
   2.7686327e+00
   2.7731378e+00
   2.7773356e+00
   2.7813804e+00
   2.7851176e+00
   2.7888548e+00
   2.7923875e+00
   2.7958686e+00
   2.7990942e+00
   2.8020635e+00
   2.8047259e+00
   2.8069785e+00
   2.8090262e+00
   2.8110228e+00
   2.8125589e+00
   2.8137362e+00
   2.8146574e+00
   2.8153231e+00
   2.8158352e+00
   2.8160913e+00
   2.8162959e+00
   2.8164496e+00
   2.8166544e+00
   2.8166547e+00
   2.8161938e+00
   2.8155797e+00
   2.8146071e+00
   2.8131738e+00
   2.8116891e+00
   2.8098459e+00
   2.8077469e+00
   2.8053920e+00
   2.8027806e+00
   2.7996573e+00
   2.7961760e+00
   2.7921827e+00
   2.7878311e+00
   2.7832232e+00
   2.7786155e+00
   2.7741101e+00
   2.7696562e+00
   2.7649462e+00
   2.7598777e+00
   2.7545018e+00
   2.7487168e+00
   2.7426758e+00
   2.7363787e+00
   2.7300303e+00
   2.7235281e+00
   2.7167704e+00
   2.7098589e+00
   2.7027936e+00
   2.6955750e+00
   2.6878443e+00
   2.6794991e+00
   2.6709495e+00
   2.6620927e+00
   2.6530309e+00
   2.6438155e+00
   2.6343956e+00
   2.6244638e+00
   2.6144807e+00
   2.6045489e+00
   2.5945146e+00
   2.5843265e+00
   2.5738823e+00
   2.5631313e+00
   2.5520732e+00
   2.5405540e+00
   2.5288301e+00
   2.5167477e+00
   2.5042558e+00
   2.4915593e+00
   2.4787602e+00
   2.4658077e+00
   2.4529576e+00
   2.4401586e+00
   2.4271548e+00
   2.4140482e+00
   2.4007373e+00
   2.3869655e+00
   2.3728354e+00
   2.3585005e+00
   2.3441143e+00
   2.3293188e+00
   2.3143697e+00
   2.2993691e+00
   2.2842660e+00
   2.2690096e+00
   2.2535486e+00
   2.2378314e+00
   2.2218583e+00
   2.2054756e+00
   2.1887345e+00
   2.1716864e+00
   2.1545355e+00
   2.1374874e+00
   2.1202855e+00
   2.1028280e+00
   2.0850117e+00
   2.0668371e+00
   2.0483041e+00
   2.0298221e+00
   2.0113916e+00
   1.9928074e+00
   1.9742231e+00
   1.9556901e+00
   1.9369012e+00
   1.9178563e+00
   1.8984531e+00
   1.8787937e+00
   1.8592881e+00
   1.8399872e+00
   1.8206862e+00
   1.8015389e+00
   1.7824941e+00
   1.7635003e+00
   1.7441995e+00
   1.7243354e+00
   1.7041130e+00
   1.6838392e+00
   1.6634631e+00
   1.6429334e+00
   1.6226597e+00
   1.6027956e+00
   1.5829315e+00
   1.5630676e+00
   1.5429474e+00
   1.5227249e+00
   1.5021952e+00
   1.4815632e+00
   1.4607774e+00
   1.4399918e+00
   1.4193598e+00
   1.3986768e+00
   1.3783007e+00
   1.3581294e+00
   1.3378557e+00
   1.3175821e+00
   1.2972060e+00
   1.2765739e+00
   1.2558906e+00
   1.2353609e+00
   1.2151897e+00
   1.1952744e+00
   1.1753079e+00
   1.1553415e+00
   1.1353751e+00
   1.1153063e+00
   1.0952886e+00
   1.0753735e+00
   1.0556630e+00
   1.0361061e+00
   1.0164468e+00
   9.9668515e-01
   9.7692341e-01
   9.5726418e-01
   9.3750244e-01
   9.1799682e-01
   8.9890075e-01
   8.8006061e-01
   8.6122048e-01
   8.4253395e-01
   8.2394969e-01
   8.0567276e-01
   7.8749818e-01
   7.6932359e-01
   7.5094420e-01
   7.3256481e-01
   7.1413416e-01
   6.9585717e-01
   6.7793846e-01
   6.6058296e-01
   6.4358580e-01
   6.2669110e-01
   6.0954040e-01
   5.9238982e-01
   5.7549512e-01
   5.5880511e-01
   5.4232007e-01
   5.2588606e-01
   5.0950319e-01
   4.9322289e-01
   4.7704491e-01
   4.6102056e-01
   4.4545698e-01
   4.3014938e-01
   4.1489294e-01
   3.9984134e-01
   3.8494328e-01
   3.7009645e-01
   3.5530075e-01
   3.4060749e-01
   3.2596543e-01
   3.1137455e-01
   2.9698846e-01
   2.8290951e-01
   2.6883057e-01
   2.5459808e-01
   2.4046800e-01
   2.2649147e-01
   2.1271971e-01
   1.9894795e-01
   1.8502262e-01
   1.7104608e-01
   1.5727432e-01
   1.4396335e-01
   1.3080597e-01
   1.1795577e-01
   1.0500316e-01
   9.2050545e-02
   7.9097934e-02
   6.6401280e-02
   5.3807057e-02
   4.1008029e-02
   2.8260175e-02
   1.5768360e-02
   3.2253298e-03
  -9.2153065e-03
  -2.1246372e-02
  -3.3379834e-02
  -4.5718096e-02
  -5.8517121e-02
  -7.1264938e-02
  -8.3449595e-02
  -9.5378272e-02
  -1.0715337e-01
  -1.1897967e-01
  -1.3075477e-01
  -1.4237627e-01
  -1.5374181e-01
  -1.6515853e-01
  -1.7662646e-01
  -1.8819676e-01
  -1.9997187e-01
  -2.1169578e-01
  -2.2316368e-01
  -2.3468280e-01
  -2.4630430e-01
  -2.5782344e-01
  -2.6908657e-01
  -2.8045210e-01
  -2.9186881e-01
  -3.0338794e-01
  -3.1490707e-01
  -3.2617021e-01
  -3.3687016e-01
  -3.4746775e-01
  -3.5770696e-01
  -3.6794621e-01
  -3.7849256e-01
  -3.8898775e-01
  -3.9948294e-01
  -4.0992695e-01
  -4.2026857e-01
  -4.3050778e-01
  -4.4069579e-01
  -4.5062783e-01
  -4.6061108e-01
  -4.7049189e-01
  -4.8021913e-01
  -4.8969042e-01
  -4.9905929e-01
  -5.0847936e-01
  -5.1800185e-01
  -5.2742189e-01
  -5.3653479e-01
  -5.4554534e-01
  -5.5481178e-01
  -5.6433421e-01
  -5.7360071e-01
  -5.8256000e-01
  -5.9141690e-01
  -6.0032505e-01
  -6.0923314e-01
  -6.1809009e-01
  -6.2653738e-01
  -6.3462639e-01
  -6.4266419e-01
  -6.5044600e-01
  -6.5797180e-01
  -6.6524160e-01
  -6.7246026e-01
  -6.7983252e-01
  -6.8740952e-01
  -6.9508898e-01
  -7.0246124e-01
  -7.0967990e-01
  -7.1648896e-01
  -7.2324681e-01
  -7.2974873e-01
  -7.3625058e-01
  -7.4285489e-01
  -7.4935681e-01
  -7.5611472e-01
  -7.6292378e-01
  -7.6927209e-01
  -7.7515966e-01
  -7.8094482e-01
  -7.8642279e-01
  -7.9200315e-01
  -7.9789072e-01
  -8.0372703e-01
  -8.0935860e-01
  -8.1468296e-01
  -8.1975138e-01
  -8.2461500e-01
  -8.2952982e-01
  -8.3444464e-01
  -8.3935952e-01
  -8.4422320e-01
  -8.4877968e-01
  -8.5302907e-01
  -8.5712475e-01
  -8.6127162e-01
  -8.6541849e-01
  -8.6956531e-01
  -8.7355858e-01
  -8.7739831e-01
  -8.8123804e-01
  -8.8482177e-01
  -8.8825190e-01
  -8.9157963e-01
  -8.9485621e-01
  -8.9813268e-01
  -9.0166527e-01
  -9.0509534e-01
  -9.0852547e-01
  -9.1144365e-01
  -9.1379863e-01
  -9.1625613e-01
  -9.1886711e-01
  -9.2147809e-01
  -9.2398673e-01
  -9.2659771e-01
  -9.2915750e-01
  -9.3156374e-01
  -9.3356037e-01
  -9.3545467e-01
  -9.3729776e-01
  -9.3914086e-01
  -9.4098389e-01
  -9.4267339e-01
  -9.4431162e-01
  -9.4574505e-01
  -9.4707614e-01
  -9.4830483e-01
  -9.4927752e-01
  -9.4999421e-01
  -9.5081329e-01
  -9.5158124e-01
  -9.5209324e-01
  -9.5229799e-01
  -9.5234919e-01
  -9.5229799e-01
  -9.5234913e-01
  -9.5229793e-01
  -9.5183718e-01
  -9.5132518e-01
  -9.5096678e-01
  -9.5101798e-01
  -9.5142758e-01
  -9.5132524e-01
  -9.5071083e-01
  -9.4978935e-01
  -9.4897020e-01
  -9.4820225e-01
  -9.4763905e-01
  -9.4671756e-01
  -9.4548887e-01
  -9.4400418e-01
  -9.4246835e-01
  -9.4088119e-01
  -9.3898690e-01
  -9.3678558e-01
  -9.3468654e-01
  -9.3289465e-01
  -9.3120521e-01
  -9.2936212e-01
  -9.2731422e-01
  -9.2454958e-01
  -9.2163140e-01
  -9.1896927e-01
  -9.1625589e-01
  -9.1328651e-01
  -9.1011232e-01
  -9.0693820e-01
  -9.0391761e-01
  -9.0079468e-01
  -8.9746690e-01
  -8.9388329e-01
  -8.9019716e-01
  -8.8640869e-01
  -8.8231301e-01
  -8.7796134e-01
  -8.7330258e-01
  -8.6869496e-01
  -8.6408734e-01
  -8.5922366e-01
  -8.5410416e-01
  -8.4877974e-01
  -8.4360892e-01
  -8.3838695e-01
  -8.3311373e-01
  -8.2748216e-01
  -8.2174820e-01
  -8.1575823e-01
  -8.0992192e-01
  -8.0388075e-01
  -7.9743010e-01
  -7.9092818e-01
  -7.8442633e-01
  -7.7771962e-01
  -7.7044976e-01
  -7.6292396e-01
  -7.5565410e-01
  -7.4848664e-01
  -7.4101204e-01
  -7.3343503e-01
  -7.2575563e-01
  -7.1797389e-01
  -7.0988488e-01
  -7.0153993e-01
  -6.9299018e-01
  -6.8438923e-01
  -6.7548114e-01
  -6.6647065e-01
  -6.5751141e-01
  -6.4850086e-01
  -6.3933671e-01
  -6.2981421e-01
  -6.2008697e-01
  -6.1051321e-01
  -6.0109317e-01
  -5.9172428e-01
  -5.8230412e-01
  -5.7267928e-01
  -5.6274718e-01
  -5.5235440e-01
  -5.4139841e-01
  -5.2993047e-01
  -5.1866728e-01
  -5.0760895e-01
  -4.9660182e-01
  -4.8518509e-01
  -4.7346115e-01
  -4.6137887e-01
  -4.4898942e-01
  -4.3659997e-01
  -4.2415932e-01
  -4.1141149e-01
  -3.9866370e-01
  -3.8571110e-01
  -3.7270731e-01
  -3.5965231e-01
  -3.4618777e-01
  -3.3256960e-01
  -3.1910503e-01
  -3.0558929e-01
  -2.9212472e-01
  -2.7855781e-01
  -2.6504201e-01
  -2.5173104e-01
  -2.3821527e-01
  -2.2444351e-01
  -2.1046701e-01
  -1.9633691e-01
  -1.8205318e-01
  -1.6766709e-01
  -1.5338340e-01
  -1.3915089e-01
  -1.2496960e-01
  -1.1089069e-01
  -9.7016566e-02
  -8.3193645e-02
  -6.9114715e-02
  -5.4933414e-02
  -4.0649708e-02
  -2.6212424e-02
  -1.1621533e-02
   3.0717624e-03
   1.7560266e-02
   3.1997558e-02
   4.6281248e-02
   6.0564939e-02
   7.4643880e-02
   8.8569216e-02
   1.0239214e-01
   1.1621508e-01
   1.3039640e-01
   1.4462888e-01
   1.5891257e-01
   1.7278670e-01
   1.8650725e-01
   2.0038138e-01
   2.1446031e-01
   2.2823207e-01
   2.4174781e-01
   2.5500759e-01
   2.6826736e-01
   2.8116879e-01
   2.9386541e-01
   3.0640844e-01
   3.1874669e-01
   3.3072653e-01
   3.4234807e-01
   3.5391837e-01
   3.6564225e-01
   3.7731498e-01
   3.8878289e-01
   3.9999485e-01
   4.1125795e-01
   4.2252108e-01
   4.3388662e-01
   4.4525215e-01
   4.5646405e-01
   4.6726644e-01
   4.7724965e-01
   4.8651615e-01
   4.9547544e-01
   5.0489551e-01
   5.1457161e-01
   5.2388924e-01
   5.3249019e-01
   5.4057920e-01
   5.4861701e-01
   5.5655241e-01
   5.6423181e-01
   5.7170647e-01
   5.7892519e-01
   5.8614379e-01
   5.9320885e-01
   6.0012031e-01
   6.0692942e-01
   6.1332887e-01
   6.1952358e-01
   6.2551355e-01
   6.3145226e-01
   6.3708383e-01
   6.4266419e-01
   6.4824450e-01
   6.5372247e-01
   6.5884209e-01
   6.6375685e-01
   6.6862047e-01
   6.7338163e-01
   6.7773336e-01
   6.8182904e-01
   6.8577117e-01
   6.8981564e-01
   6.9386011e-01
   6.9785345e-01
   7.0174432e-01
   7.0517445e-01
   7.0819503e-01
   7.1080601e-01
   7.1300745e-01
   7.1490169e-01
   7.1659118e-01
   7.1853662e-01
   7.2084051e-01
   7.2299075e-01
   7.2478259e-01
   7.2616494e-01
   7.2739369e-01
   7.2867364e-01
   7.2959524e-01
   7.3031205e-01
   7.3077285e-01
   7.3138720e-01
   7.3184794e-01
   7.3241109e-01
   7.3282063e-01
   7.3297411e-01
   7.3292291e-01
   7.3282057e-01
   7.3256463e-01
   7.3256469e-01
   7.3251349e-01
   7.3241115e-01
   7.3179680e-01
   7.3067051e-01
   7.2954416e-01
   7.2831547e-01
   7.2718918e-01
   7.2611398e-01
   7.2509009e-01
   7.2411734e-01
   7.2283745e-01
   7.2119910e-01
   7.1904886e-01
   7.1664262e-01
   7.1403152e-01
   7.1142048e-01
   7.0875829e-01
   7.0614737e-01
   7.0348519e-01
   7.0072061e-01
   6.9775122e-01
   6.9442350e-01
   6.9078857e-01
   6.8730718e-01
   6.8392825e-01
   6.8065172e-01
   6.7717034e-01
   6.7327946e-01
   6.6933733e-01
   6.6519040e-01
   6.6083878e-01
   6.5612876e-01
   6.5095800e-01
   6.4553118e-01
   6.4015567e-01
   6.3467765e-01
   6.2894368e-01
   6.2341452e-01
   6.1798769e-01
   6.1276579e-01
   6.0708302e-01
   6.0114431e-01
   5.9489840e-01
   5.8839649e-01
   5.8174098e-01
   5.7488066e-01
   5.6807160e-01
   5.6121135e-01
   5.5424857e-01
   5.4723465e-01
   5.4001611e-01
   5.3269511e-01
   5.2522057e-01
   5.1764345e-01
   5.1021999e-01
   5.0289887e-01
   4.9578267e-01
   4.8871759e-01
   4.8139656e-01
   4.7376835e-01
   4.6588415e-01
   4.5779520e-01
   4.4965503e-01
   4.4177085e-01
   4.3398905e-01
   4.2615604e-01
   4.1786230e-01
   4.0992689e-01
   4.0224752e-01
   3.9482409e-01
   3.8704231e-01
   3.7895337e-01
   3.7050602e-01
   3.6210990e-01
   3.5376495e-01
   3.4536877e-01
   3.3727980e-01
   3.2949799e-01
   3.2140902e-01
   3.1321764e-01
   3.0523103e-01
   2.9760283e-01
   2.9023060e-01
   2.8296077e-01
   2.7569091e-01
   2.6857471e-01
   2.6156080e-01
   2.5444451e-01
   2.4702105e-01
   2.3959763e-01
   2.3258378e-01
   2.2587711e-01
   2.1942641e-01
   2.1348765e-01
   2.0770250e-01
   2.0166136e-01
   1.9546664e-01
   1.8978387e-01
   1.8486905e-01
   1.8026140e-01
   1.7550017e-01
   1.7032935e-01
   1.6490257e-01
   1.5978296e-01
   1.5502171e-01
   1.5067007e-01
   1.4657436e-01
   1.4242746e-01
   1.3838297e-01
   1.3464564e-01
   1.3152267e-01
   1.2906528e-01
   1.2655666e-01
   1.2379207e-01
   1.2148825e-01
   1.1969639e-01
   1.1795573e-01
   1.1606147e-01
   1.1401362e-01
   1.1227295e-01
   1.1099306e-01
   1.1017393e-01
   1.0950838e-01
   1.0874043e-01
   1.0833087e-01
   1.0833086e-01
   1.0874043e-01
   1.0930359e-01
   1.0996914e-01
   1.1073709e-01
   1.1170982e-01
   1.1304091e-01
   1.1457679e-01
   1.1616387e-01
   1.1775095e-01
   1.1964521e-01
   1.2189784e-01
   1.2425286e-01
   1.2671027e-01
   1.2911648e-01
   1.3188109e-01
   1.3510644e-01
   1.3848537e-01
   1.4212030e-01
   1.4580642e-01
   1.4990211e-01
   1.5384419e-01
   1.5778629e-01
   1.6183078e-01
   1.6618244e-01
   1.7063649e-01
   1.7519294e-01
   1.7990297e-01
   1.8492021e-01
   1.8983503e-01
   1.9480105e-01
   2.0012544e-01
   2.0580821e-01
   2.1169576e-01
   2.1717374e-01
   2.2270291e-01
   2.2843687e-01
   2.3442681e-01
   2.4082632e-01
   2.4748181e-01
   2.5429088e-01
   2.6109996e-01
   2.6796022e-01
   2.7451333e-01
   2.8101525e-01
   2.8782430e-01
   2.9494056e-01
   3.0200562e-01
   3.0881470e-01
   3.1582856e-01
   3.2325199e-01
   3.3088019e-01
   3.3845723e-01
   3.4598303e-01
   3.5371363e-01
   3.6190504e-01
   3.7060836e-01
   3.7931168e-01
   3.8775906e-01
   3.9605281e-01
   4.0460256e-01
   4.1371542e-01
   4.2298192e-01
   4.3199244e-01
   4.4079816e-01
   4.4929668e-01
   4.5815361e-01
   4.6731770e-01
   4.7673777e-01
   4.8646504e-01
   4.9603868e-01
   5.0550997e-01
   5.1513481e-01
   5.2501565e-01
   5.3510129e-01
   5.4544294e-01
   5.5609167e-01
   5.6709880e-01
   5.7825959e-01
   5.8926666e-01
   5.9991550e-01
   6.1051309e-01
   6.2105948e-01
   6.3155472e-01
   6.4215231e-01
   6.5269870e-01
   6.6355228e-01
   6.7466182e-01
   6.8602735e-01
   6.9723928e-01
   7.0824647e-01
   7.1940726e-01
   7.3077273e-01
   7.4234307e-01
   7.5360620e-01
   7.6471579e-01
   7.7597886e-01
   7.8760040e-01
   7.9932433e-01
   8.1109941e-01
   8.2302803e-01
   8.3475196e-01
   8.4621984e-01
   8.5768777e-01
   8.6966765e-01
   8.8210827e-01
   8.9460009e-01
   9.0688717e-01
   9.1922545e-01
   9.3151253e-01
   9.4328761e-01
   9.5490915e-01
   9.6663302e-01
   9.7892010e-01
   9.9130958e-01
   1.0034943e+00
   1.0155253e+00
   1.0274540e+00
   1.0393316e+00
   1.0511578e+00
   1.0629841e+00
   1.0751175e+00
   1.0877630e+00
   1.1005620e+00
   1.1130537e+00
   1.1252383e+00
   1.1373206e+00
   1.1495053e+00
   1.1615362e+00
   1.1733626e+00
   1.1851377e+00
   1.1966056e+00
   1.2082272e+00
   1.2200533e+00
   1.2318797e+00
   1.2433988e+00
   1.2549180e+00
   1.2664883e+00
   1.2779561e+00
   1.2891681e+00
   1.2998170e+00
   1.3104147e+00
   1.3211659e+00
   1.3318660e+00
   1.3425148e+00
   1.3529077e+00
   1.3633004e+00
   1.3733859e+00
   1.3832667e+00
   1.3932499e+00
   1.4030795e+00
   1.4125507e+00
   1.4219196e+00
   1.4312373e+00
   1.4404527e+00
   1.4495144e+00
   1.4582689e+00
   1.4666139e+00
   1.4747028e+00
   1.4827405e+00
   1.4908295e+00
   1.4995329e+00
   1.5081850e+00
   1.5163252e+00
   1.5240558e+00
   1.5312232e+00
   1.5381347e+00
   1.5450974e+00
   1.5518552e+00
   1.5585620e+00
   1.5649616e+00
   1.5713099e+00
   1.5775558e+00
   1.5836993e+00
   1.5896381e+00
   1.5950649e+00
   1.6003381e+00
   1.6057136e+00
   1.6110381e+00
   1.6157480e+00
   1.6198437e+00
   1.6235299e+00
   1.6271137e+00
   1.6304413e+00
   1.6335642e+00
   1.6364312e+00
   1.6390423e+00
   1.6412950e+00
   1.6429844e+00
   1.6447252e+00
   1.6460563e+00
   1.6472849e+00
   1.6479504e+00
   1.6483088e+00
   1.6486160e+00
   1.6485136e+00
   1.6484112e+00
   1.6478479e+00
   1.6472847e+00
   1.6462097e+00
   1.6443154e+00
   1.6424724e+00
   1.6400661e+00
   1.6377110e+00
   1.6349465e+00
   1.6315676e+00
   1.6282398e+00
   1.6245024e+00
   1.6206115e+00
   1.6162088e+00
   1.6113962e+00
   1.6062766e+00
   1.6005939e+00
   1.5947576e+00
   1.5886139e+00
   1.5819585e+00
   1.5750983e+00
   1.5679309e+00
   1.5604564e+00
   1.5527769e+00
   1.5447392e+00
   1.5364966e+00
   1.5279980e+00
   1.5193971e+00
   1.5104890e+00
   1.5011714e+00
   1.4914441e+00
   1.4811025e+00
   1.4704537e+00
   1.4596514e+00
   1.4486442e+00
   1.4367666e+00
   1.4242747e+00
   1.4114757e+00
   1.3985231e+00
   1.3854681e+00
   1.3723108e+00
   1.3588973e+00
   1.3452792e+00
   1.3312004e+00
   1.3160462e+00
   1.3005850e+00
   1.2852262e+00
   1.2697651e+00
   1.2539455e+00
   1.2378187e+00
   1.2211798e+00
   1.2045411e+00
   1.1876975e+00
   1.1705980e+00
   1.1531403e+00
   1.1352729e+00
   1.1173543e+00
   1.0992309e+00
   1.0811074e+00
   1.0623696e+00
   1.0433246e+00
   1.0240238e+00
   1.0048765e+00
   9.8603630e-01
   9.6699136e-01
   9.4722968e-01
   9.2680252e-01
   9.0611929e-01
   8.8528252e-01
   8.6444569e-01
   8.4381366e-01
   8.2359123e-01
   8.0311280e-01
   7.8268564e-01
   7.6169521e-01
   7.4070483e-01
   7.1956086e-01
   6.9805849e-01
   6.7650497e-01
   6.5454191e-01
   6.3268119e-01
   6.1041087e-01
   5.8829421e-01
   5.6638229e-01
   5.4411203e-01
   5.2204645e-01
   4.9941778e-01
   4.7637954e-01
   4.5354602e-01
   4.3055892e-01
   4.0777668e-01
   3.8504562e-01
   3.6246812e-01
   3.4004423e-01
   3.1715956e-01
   2.9407012e-01
   2.7098069e-01
   2.4809611e-01
   2.2521144e-01
   2.0207083e-01
   1.7877665e-01
   1.5517524e-01
   1.3152267e-01
   1.0797250e-01
   8.4575929e-02
   6.1281744e-02
   3.7731528e-02
   1.4130146e-02
  -9.3688592e-03
  -3.2714266e-02
  -5.5803705e-02
  -7.9046719e-02
  -1.0239214e-01
  -1.2583996e-01
  -1.4898059e-01
  -1.7201881e-01
  -1.9521062e-01
  -2.1850482e-01
  -2.4169664e-01
  -2.6488844e-01
  -2.8808025e-01
  -3.1122088e-01
  -3.3415675e-01
  -3.5678542e-01
  -3.7920928e-01
  -4.0158197e-01
  -4.2395467e-01
  -4.4622496e-01
  -4.6834168e-01
  -4.9040717e-01
  -5.1257509e-01
  -5.3469181e-01
  -5.5650133e-01
  -5.7831085e-01
  -6.0012037e-01
  -6.2192988e-01
  -6.4373940e-01
  -6.6560012e-01
  -6.8751204e-01
  -7.0967990e-01
  -7.3200136e-01
  -7.5432289e-01
  -7.7638841e-01
  -7.9799312e-01
  -8.1949550e-01
  -8.4053707e-01
  -8.6152744e-01
  -8.8251781e-01
  -9.0355945e-01
  -9.2449868e-01
  -9.4554025e-01
  -9.6637702e-01
  -9.8706025e-01
  -1.0075898e+00
  -1.0282218e+00
  -1.0488539e+00
  -1.0692300e+00
  -1.0895036e+00
  -1.1096748e+00
  -1.1299485e+00
  -1.1500685e+00
  -1.1699837e+00
  -1.1896431e+00
  -1.2093023e+00
  -1.2288592e+00
  -1.2481089e+00
  -1.2668467e+00
  -1.2854309e+00
  -1.3041686e+00
  -1.3228041e+00
  -1.3418490e+00
  -1.3609451e+00
  -1.3797340e+00
  -1.3981134e+00
  -1.4163903e+00
  -1.4348209e+00
  -1.4533540e+00
  -1.4716311e+00
  -1.4895496e+00
  -1.5073659e+00
  -1.5249262e+00
  -1.5420257e+00
  -1.5587668e+00
  -1.5755591e+00
  -1.5926585e+00
  -1.6097068e+00
  -1.6264478e+00
  -1.6429329e+00
  -1.6591620e+00
  -1.6754425e+00
  -1.6914155e+00
  -1.7069792e+00
  -1.7220309e+00
  -1.7367243e+00
  -1.7513663e+00
  -1.7660084e+00
  -1.7806504e+00
  -1.7952412e+00
  -1.8095250e+00
  -1.8234503e+00
  -1.8372221e+00
  -1.8509939e+00
  -1.8649192e+00
  -1.8788958e+00
  -1.8927187e+00
  -1.9060298e+00
  -1.9186240e+00
  -1.9310646e+00
  -1.9434540e+00
  -1.9556388e+00
  -1.9679258e+00
  -1.9801105e+00
  -1.9921416e+00
  -2.0040190e+00
  -2.0156918e+00
  -2.0271087e+00
  -2.0381157e+00
  -2.0487132e+00
  -2.0591059e+00
  -2.0692430e+00
  -2.0789702e+00
  -2.0884926e+00
  -2.0979128e+00
  -2.1068208e+00
  -2.1155753e+00
  -2.1242273e+00
  -2.1325209e+00
  -2.1406097e+00
  -2.1485965e+00
  -2.1564295e+00
  -2.1641090e+00
  -2.1716862e+00
  -2.1789048e+00
  -2.1855090e+00
  -2.1916015e+00
  -2.1974378e+00
  -2.2030694e+00
  -2.2085989e+00
  -2.2139230e+00
  -2.2192986e+00
  -2.2245717e+00
  -2.2295890e+00
  -2.2344015e+00
  -2.2391627e+00
  -2.2436681e+00
  -2.2479172e+00
  -2.2518592e+00
  -2.2553403e+00
  -2.2586169e+00
  -2.2616374e+00
  -2.2643511e+00
  -2.2667060e+00
  -2.2687538e+00
  -2.2707505e+00
  -2.2725935e+00
  -2.2737710e+00
  -2.2745390e+00
  -2.2749999e+00
  -2.2748973e+00
  -2.2746415e+00
  -2.2745390e+00
  -2.2744367e+00
  -2.2741807e+00
  -2.2735155e+00
  -2.2724915e+00
  -2.2710581e+00
  -2.2693686e+00
  -2.2675765e+00
  -2.2655799e+00
  -2.2634296e+00
  -2.2610235e+00
  -2.2582588e+00
  -2.2552896e+00
  -2.2521665e+00
  -2.2487874e+00
  -2.2452035e+00
  -2.2414660e+00
  -2.2376263e+00
  -2.2337353e+00
  -2.2294350e+00
  -2.2246225e+00
  -2.2192469e+00
  -2.2136154e+00
  -2.2078817e+00
  -2.2020965e+00
  -2.1962602e+00
  -2.1901679e+00
  -2.1836658e+00
  -2.1769588e+00
  -2.1697915e+00
  -2.1623678e+00
  -2.1545858e+00
  -2.1464970e+00
  -2.1385107e+00
  -2.1303706e+00
  -2.1220257e+00
  -2.1133738e+00
  -2.1041074e+00
  -2.0945337e+00
  -2.0852671e+00
  -2.0762565e+00
  -2.0670922e+00
  -2.0575187e+00
  -2.0477402e+00
  -2.0378594e+00
  -2.0278764e+00
  -2.0177908e+00
  -2.0077050e+00
  -1.9977732e+00
  -1.9878923e+00
  -1.9777043e+00
  -1.9672091e+00
  -1.9564577e+00
  -1.9453995e+00
  -1.9340340e+00
  -1.9225659e+00
  -1.9110980e+00
  -1.8995788e+00
  -1.8877524e+00
  -1.8758237e+00
  -1.8639975e+00
  -1.8521711e+00
  -1.8401912e+00
  -1.8278530e+00
  -1.8152075e+00
  -1.8025110e+00
  -1.7901214e+00
  -1.7779880e+00
  -1.7655473e+00
  -1.7530043e+00
  -1.7405126e+00
  -1.7279184e+00
  -1.7148634e+00
  -1.7015523e+00
  -1.6881902e+00
  -1.6747769e+00
  -1.6614659e+00
  -1.6485646e+00
  -1.6356632e+00
  -1.6226592e+00
  -1.6098092e+00
  -1.5971125e+00
  -1.5841599e+00
  -1.5707464e+00
  -1.5574354e+00
  -1.5443294e+00
  -1.5310695e+00
  -1.5178099e+00
  -1.5047036e+00
  -1.4918535e+00
  -1.4792079e+00
  -1.4665624e+00
  -1.4537635e+00
  -1.4407598e+00
  -1.4278071e+00
  -1.4149057e+00
  -1.4020555e+00
  -1.3892052e+00
  -1.3764063e+00
  -1.3634535e+00
  -1.3506035e+00
  -1.3378044e+00
  -1.3254149e+00
  -1.3130769e+00
  -1.3006362e+00
  -1.2883493e+00
  -1.2762669e+00
  -1.2642357e+00
  -1.2525117e+00
  -1.2409415e+00
  -1.2293200e+00
  -1.2176986e+00
  -1.2059747e+00
  -1.1941996e+00
  -1.1827316e+00
  -1.1718267e+00
  -1.1615362e+00
  -1.1512458e+00
  -1.1403922e+00
  -1.1291292e+00
  -1.1180196e+00
  -1.1075244e+00
  -1.0973876e+00
  -1.0874044e+00
  -1.0776260e+00
  -1.0676941e+00
  -1.0575060e+00
  -1.0472156e+00
  -1.0369763e+00
  -1.0268908e+00
  -1.0170100e+00
  -1.0077947e+00
  -9.9909133e-01
  -9.9069518e-01
  -9.8229897e-01
  -9.7380042e-01
  -9.6499473e-01
  -9.5634264e-01
  -9.4784409e-01
  -9.3944800e-01
  -9.3084705e-01
  -9.2199016e-01
  -9.1318446e-01
  -9.0499312e-01
  -8.9741611e-01
  -8.8983905e-01
  -8.8210845e-01
  -8.7453139e-01
  -8.6721039e-01
  -8.6035013e-01
  -8.5379696e-01
  -8.4729505e-01
  -8.4069073e-01
  -8.3459842e-01
  -8.2917166e-01
  -8.2389838e-01
  -8.1826681e-01
  -8.1227690e-01
  -8.0618459e-01
  -8.0004108e-01
  -7.9359031e-01
  -7.8719079e-01
  -7.8150809e-01
  -7.7628613e-01
  -7.7132010e-01
  -7.6686603e-01
  -7.6251435e-01
  -7.5785553e-01
  -7.5314546e-01
  -7.4838424e-01
  -7.4362296e-01
  -7.3901534e-01
  -7.3466367e-01
  -7.3026079e-01
  -7.2601151e-01
  -7.2196704e-01
  -7.1807611e-01
  -7.1464598e-01
  -7.1157426e-01
  -7.0824653e-01
  -7.0471394e-01
  -7.0087427e-01
  -6.9739294e-01
  -6.9426996e-01
  -6.9099337e-01
  -6.8771684e-01
  -6.8484986e-01
  -6.8208528e-01
  -6.7947429e-01
  -6.7732400e-01
  -6.7537850e-01
  -6.7348421e-01
  -6.7153877e-01
  -6.6933733e-01
  -6.6693109e-01
  -6.6442251e-01
  -6.6211867e-01
  -6.6001964e-01
  -6.5812540e-01
  -6.5602636e-01
  -6.5372258e-01
  -6.5141875e-01
  -6.4921731e-01
  -6.4711833e-01
  -6.4527524e-01
  -6.4348328e-01
  -6.4174259e-01
  -6.4015555e-01
  -6.3897806e-01
  -6.3795424e-01
  -6.3667434e-01
  -6.3518959e-01
  -6.3375610e-01
  -6.3252741e-01
  -6.3134992e-01
  -6.3037723e-01
  -6.2919968e-01
  -6.2781739e-01
  -6.2628156e-01
  -6.2510407e-01
  -6.2459213e-01
  -6.2438732e-01
  -6.2377298e-01
  -6.2264669e-01
  -6.2157160e-01
  -6.2044525e-01
  -6.1937016e-01
  -6.1814147e-01
  -6.1665678e-01
  -6.1501849e-01
  -6.1363620e-01
  -6.1245871e-01
  -6.1122996e-01
  -6.0979646e-01
  -6.0846537e-01
  -6.0728788e-01
  -6.0616153e-01
  -6.0518879e-01
  -6.0421604e-01
  -6.0349929e-01
  -6.0298735e-01
  -6.0216814e-01
  -6.0114419e-01
  -5.9996676e-01
  -5.9853327e-01
  -5.9704852e-01
  -5.9612697e-01
  -5.9556383e-01
  -5.9505183e-01
  -5.9464228e-01
  -5.9407908e-01
  -5.9351593e-01
  -5.9290159e-01
  -5.9198016e-01
  -5.9085381e-01
  -5.8967632e-01
  -5.8824283e-01
  -5.8691168e-01
  -5.8583659e-01
  -5.8496636e-01
  -5.8399367e-01
  -5.8271378e-01
  -5.8128029e-01
  -5.7989794e-01
  -5.7836211e-01
  -5.7651907e-01
  -5.7488078e-01
  -5.7344735e-01
  -5.7170671e-01
  -5.6945407e-01
  -5.6704783e-01
  -5.6469280e-01
  -5.6269616e-01
  -5.6069952e-01
  -5.5885643e-01
  -5.5701333e-01
  -5.5537504e-01
  -5.5378801e-01
  -5.5220085e-01
  -5.5056256e-01
  -5.4877067e-01
  -5.4672283e-01
  -5.4452145e-01
  -5.4232001e-01
  -5.4037452e-01
  -5.3858262e-01
  -5.3673959e-01
  -5.3448695e-01
  -5.3197837e-01
  -5.2931619e-01
  -5.2680755e-01
  -5.2419651e-01
  -5.2138072e-01
  -5.1851368e-01
  -5.1544189e-01
  -5.1237023e-01
  -5.0955445e-01
  -5.0714821e-01
  -5.0474203e-01
  -5.0182378e-01
  -4.9880317e-01
  -4.9573141e-01
  -4.9260843e-01
  -4.8928073e-01
  -4.8595297e-01
  -4.8242044e-01
  -4.7893909e-01
  -4.7566253e-01
  -4.7243720e-01
  -4.6900707e-01
  -4.6532094e-01
  -4.6122527e-01
  -4.5682243e-01
  -4.5257315e-01
  -4.4837505e-01
  -4.4402337e-01
  -4.3931332e-01
  -4.3470570e-01
  -4.3020046e-01
  -4.2589998e-01
  -4.2144594e-01
  -4.1663352e-01
  -4.1182110e-01
  -4.0695751e-01
  -4.0199149e-01
  -3.9671832e-01
  -3.9083079e-01
  -3.8504565e-01
  -3.7931165e-01
  -3.7362891e-01
  -3.6779258e-01
  -3.6185381e-01
  -3.5596627e-01
  -3.4997633e-01
  -3.4398639e-01
  -3.3794528e-01
  -3.3185297e-01
  -3.2576060e-01
  -3.1941229e-01
  -3.1285921e-01
  -3.0640849e-01
  -3.0006015e-01
  -2.9391664e-01
  -2.8772193e-01
  -2.8147602e-01
  -2.7487174e-01
  -2.6785785e-01
  -2.6069036e-01
  -2.5383008e-01
  -2.4712338e-01
  -2.4067268e-01
  -2.3396601e-01
  -2.2690096e-01
  -2.1937513e-01
  -2.1179812e-01
  -2.0427230e-01
  -1.9679767e-01
  -1.8932305e-01
  -1.8189962e-01
  -1.7437381e-01
  -1.6664322e-01
  -1.5886141e-01
  -1.5113080e-01
  -1.4324661e-01
  -1.3495284e-01
  -1.2645429e-01
  -1.1826293e-01
  -1.1032752e-01
  -1.0239213e-01
  -9.4047181e-02
  -8.5702226e-02
  -7.7254862e-02
  -6.8756327e-02
  -6.0718540e-02
  -5.2936740e-02
  -4.5103744e-02
  -3.6809973e-02
  -2.8106645e-02
  -1.9454509e-02
  -1.0904758e-02
  -2.8157800e-03
   4.9148179e-03
   1.2645415e-02
   2.0529622e-02
   2.8413804e-02
   3.6246799e-02
   4.4284578e-02
   5.2527152e-02
   6.0923312e-02
   6.8961106e-02
   7.6742902e-02
   8.4473506e-02
   9.2613682e-02
   1.0075386e-01
   1.0848446e-01
   1.1585671e-01
   1.2343373e-01
   1.3157390e-01
   1.4007245e-01
   1.4826381e-01
   1.5614800e-01
   1.6408341e-01
   1.7207000e-01
   1.7974940e-01
   1.8727523e-01
   1.9485225e-01
   2.0258287e-01
   2.1021107e-01
   2.1789049e-01
   2.2551870e-01
   2.3314694e-01
   2.4057035e-01
   2.4758422e-01
   2.5470048e-01
   2.6197034e-01
   2.6939374e-01
   2.7702194e-01
   2.8429177e-01
   2.9130563e-01
   2.9847309e-01
   3.0569172e-01
   3.1331992e-01
   3.2094815e-01
   3.2837158e-01
   3.3564144e-01
   3.4265530e-01
   3.4956676e-01
   3.5632464e-01
   3.6318490e-01
   3.7019879e-01
   3.7716144e-01
   3.8402173e-01
   3.9088199e-01
   3.9769104e-01
   4.0444893e-01
   4.1130921e-01
   4.1832307e-01
   4.2549053e-01
   4.3250439e-01
   4.3910867e-01
   4.4550815e-01
   4.5190769e-01
   4.5825601e-01
   4.6460432e-01
   4.7105503e-01
   4.7765931e-01
   4.8436600e-01
   4.9112388e-01
   4.9752337e-01
   5.0371814e-01
   5.0970811e-01
   5.1580036e-01
   5.2225107e-01
   5.2865058e-01
   5.3489643e-01
   5.4104000e-01
   5.4687631e-01
   5.5261028e-01
   5.5839545e-01
   5.6443661e-01
   5.7063133e-01
   5.7677490e-01
   5.8296961e-01
   5.8916438e-01
   5.9551269e-01
   6.0170740e-01
   6.0754377e-01
   6.1302179e-01
   6.1844862e-01
   6.2408018e-01
   6.2996775e-01
   6.3585526e-01
   6.4174277e-01
   6.4742553e-01
   6.5295476e-01
   6.5863752e-01
   6.6416663e-01
   6.6933745e-01
   6.7425227e-01
   6.7916703e-01
   6.8428665e-01
   6.8940628e-01
   6.9483304e-01
   7.0031101e-01
   7.0543063e-01
   7.1065265e-01
   7.1602821e-01
   7.2119904e-01
   7.2616500e-01
   7.3092622e-01
   7.3584098e-01
   7.4065340e-01
   7.4510747e-01
   7.4956155e-01
   7.5422031e-01
   7.5872564e-01
   7.6409358e-01
   7.6926214e-01
   7.7355039e-01
   7.7819413e-01
   7.8334159e-01
   7.8861529e-01
   7.9371566e-01
   7.9824114e-01
   8.0286443e-01
   8.0684149e-01
   8.1038809e-01
   8.1478083e-01
   8.1958151e-01
   8.2372779e-01
   8.2796484e-01
   8.3118570e-01
   8.3469290e-01
   8.3777380e-01
   8.4154987e-01
   8.4550583e-01
   8.4923357e-01
   8.5327178e-01
   8.5730928e-01
   8.5991079e-01
   8.6287105e-01
   8.6731839e-01
   8.6956537e-01
   8.6956531e-01
   8.7264681e-01
   8.7403548e-01
   8.7741625e-01
   8.8196832e-01
   8.8232094e-01
   8.8316941e-01
   8.8124931e-01
   8.7996536e-01
   8.7765425e-01
   8.8978767e-01
   9.1001016e-01
