  -0.0000000e+00
  -3.1989517e-13
  -6.3979034e-13
  -9.5968551e-13
  -1.2795807e-12
  -1.5994758e-12
  -1.9193710e-12
  -2.2392662e-12
  -2.5591614e-12
  -2.8790565e-12
  -3.1989517e-12
  -3.5188469e-12
  -3.8387420e-12
  -4.1586372e-12
  -4.4785324e-12
  -4.7984275e-12
  -5.1183227e-12
  -5.4382179e-12
  -5.7581130e-12
  -6.0780082e-12
  -6.3979034e-12
  -6.7177986e-12
  -7.0376937e-12
  -7.3575889e-12
  -7.6774841e-12
  -7.9973792e-12
  -8.3172744e-12
  -8.6371696e-12
  -8.9570647e-12
  -9.2769599e-12
  -9.5968551e-12
  -9.9167503e-12
  -1.0236645e-11
  -1.0556541e-11
  -1.0876436e-11
  -1.1196331e-11
  -1.1516226e-11
  -1.1836121e-11
  -1.2156016e-11
  -1.2475912e-11
  -1.2795807e-11
  -1.3115702e-11
  -1.3435597e-11
  -1.3755492e-11
  -1.4075387e-11
  -1.4395283e-11
  -1.4715178e-11
  -1.5035073e-11
  -1.5354968e-11
  -1.5674863e-11
  -1.5994758e-11
  -1.6314654e-11
  -1.6634549e-11
  -1.6954444e-11
  -1.7274339e-11
  -1.7594234e-11
  -1.7914129e-11
  -1.8234025e-11
  -1.8553920e-11
  -1.8873815e-11
  -1.9193710e-11
  -1.9513605e-11
  -1.9833501e-11
  -2.0153396e-11
  -2.0473291e-11
  -2.0793186e-11
  -2.1113081e-11
  -2.1432976e-11
  -2.1752872e-11
  -2.2072767e-11
  -2.2392662e-11
  -2.2712557e-11
  -2.3032452e-11
  -2.3352347e-11
  -2.3672243e-11
  -2.3992138e-11
  -2.4312033e-11
  -2.4631928e-11
  -2.4951823e-11
  -2.5271718e-11
  -2.5591614e-11
  -2.5911509e-11
  -2.6231404e-11
  -2.6551299e-11
  -2.6871194e-11
  -2.7191089e-11
  -2.7510985e-11
  -2.7830880e-11
  -2.8150775e-11
  -2.8470670e-11
  -2.8790565e-11
  -2.9110460e-11
  -2.9430356e-11
  -2.9750251e-11
  -3.0070146e-11
  -3.0390041e-11
  -3.0709936e-11
  -3.1029831e-11
  -3.1349727e-11
  -3.1669622e-11
  -3.1989517e-11
  -3.2309412e-11
  -3.2629307e-11
  -3.2949202e-11
  -3.3269098e-11
  -3.3588993e-11
  -3.3908888e-11
  -3.4228783e-11
  -3.4548678e-11
  -3.4868573e-11
  -3.5188469e-11
  -3.5508364e-11
  -3.5828259e-11
  -3.6148154e-11
  -3.6468049e-11
  -3.6787944e-11
  -3.7107840e-11
  -3.7427735e-11
  -3.7747630e-11
  -3.8067525e-11
  -3.8387420e-11
  -3.8707316e-11
  -3.9027211e-11
  -3.9347106e-11
  -3.9667001e-11
  -3.9986896e-11
  -4.0306791e-11
  -4.0626687e-11
  -4.0946582e-11
  -4.1266477e-11
  -4.1586372e-11
  -4.1906267e-11
  -4.2226162e-11
  -4.2546058e-11
  -4.2865953e-11
  -4.3185848e-11
  -4.3505743e-11
  -4.3825638e-11
  -4.4145533e-11
  -4.4465429e-11
  -4.4785324e-11
  -4.5105219e-11
  -4.5425114e-11
  -4.5745009e-11
  -4.6064904e-11
  -4.6384800e-11
  -4.6704695e-11
  -4.7024590e-11
  -4.7344485e-11
  -4.7664380e-11
  -4.7984275e-11
  -4.8304171e-11
  -4.8624066e-11
  -4.8943961e-11
  -4.9263856e-11
  -4.9583751e-11
  -4.9903646e-11
  -5.0223542e-11
  -5.0543437e-11
  -5.0863332e-11
  -5.1183227e-11
  -5.1503122e-11
  -5.1823017e-11
  -5.2142913e-11
  -5.2462808e-11
  -5.2782703e-11
  -5.3102598e-11
  -5.3422493e-11
  -5.3742388e-11
  -5.4062284e-11
  -5.4382179e-11
  -5.4702074e-11
  -5.5021969e-11
  -5.5341864e-11
  -5.5661759e-11
  -5.5981655e-11
  -5.6301550e-11
  -5.6621445e-11
  -5.6941340e-11
  -5.7261235e-11
  -5.7581130e-11
  -5.7901026e-11
  -5.8220921e-11
  -5.8540816e-11
  -5.8860711e-11
  -5.9180606e-11
  -5.9500502e-11
  -5.9820397e-11
  -6.0140292e-11
  -6.0460187e-11
  -6.0780082e-11
  -6.1099977e-11
  -6.1419873e-11
  -6.1739768e-11
  -6.2059663e-11
  -6.2379558e-11
  -6.2699453e-11
  -6.3019348e-11
  -6.3339244e-11
  -6.3659139e-11
  -6.3979034e-11
  -6.4298929e-11
  -6.4618824e-11
  -6.4938719e-11
  -6.5258615e-11
  -6.5578510e-11
  -6.5898405e-11
  -6.6218300e-11
  -6.6538195e-11
  -6.6858090e-11
  -6.7177986e-11
  -6.7497881e-11
  -6.7817776e-11
  -6.8137671e-11
  -6.8457566e-11
  -6.8777461e-11
  -6.9097357e-11
  -6.9417252e-11
  -6.9737147e-11
  -7.0057042e-11
  -7.0376937e-11
  -7.0696832e-11
  -7.1016728e-11
  -7.1336623e-11
  -7.1656518e-11
  -7.1976413e-11
  -7.2296308e-11
  -7.2616203e-11
  -7.2936099e-11
  -7.3255994e-11
  -7.3575889e-11
  -7.3895784e-11
  -7.4215679e-11
  -7.4535574e-11
  -7.4855470e-11
  -7.5175365e-11
  -7.5495260e-11
  -7.5815155e-11
  -7.6135050e-11
  -7.6454945e-11
  -7.6774841e-11
  -7.7094736e-11
  -7.7414631e-11
  -7.7734526e-11
  -7.8054421e-11
  -7.8374317e-11
  -7.8694212e-11
  -7.9014107e-11
  -7.9334002e-11
  -7.9653897e-11
  -7.9973792e-11
  -8.0293688e-11
  -8.0613583e-11
  -8.0933478e-11
  -8.1253373e-11
  -8.1573268e-11
  -8.1893163e-11
  -8.2213059e-11
  -8.2532954e-11
  -8.2852849e-11
  -8.3172744e-11
  -8.3492639e-11
  -8.3812534e-11
  -8.4132430e-11
  -8.4452325e-11
  -8.4772220e-11
  -8.5092115e-11
  -8.5412010e-11
  -8.5731905e-11
  -8.6051801e-11
  -8.6371696e-11
  -8.6691591e-11
  -8.7011486e-11
  -8.7331381e-11
  -8.7651276e-11
  -8.7971172e-11
  -8.8291067e-11
  -8.8610962e-11
  -8.8930857e-11
  -8.9250752e-11
  -8.9570647e-11
  -8.9890543e-11
  -9.0210438e-11
  -9.0530333e-11
  -9.0850228e-11
  -9.1170123e-11
  -9.1490018e-11
  -9.1809914e-11
  -9.2129809e-11
  -9.2449704e-11
  -9.2769599e-11
  -9.3089494e-11
  -9.3409389e-11
  -9.3729285e-11
  -9.4049180e-11
  -9.4369075e-11
  -9.4688970e-11
  -9.5008865e-11
  -9.5328760e-11
  -9.5648656e-11
  -1.0239203e-04
  -1.0239221e-04
   5.1195839e-05
   1.0239192e-04
   5.1196050e-05
  -5.1196457e-05
  -1.0239252e-04
  -1.0239265e-04
   5.1195690e-05
   2.0478373e-04
   3.5837208e-04
   5.1196030e-04
   6.1435247e-04
   7.6794066e-04
   9.2152902e-04
   9.2152902e-04
   7.1674446e-04
   6.1435247e-04
   6.1435229e-04
   5.1196059e-04
   5.1196059e-04
   7.6794054e-04
   9.2152890e-04
   1.1263131e-03
   1.4334896e-03
   1.5870780e-03
   1.8430584e-03
   2.0990388e-03
   2.2014310e-03
   2.3038231e-03
   2.4062153e-03
   2.6621961e-03
   3.0205683e-03
   3.3277448e-03
   3.6861170e-03
   4.0444895e-03
   4.2492738e-03
   4.3516657e-03
   4.3004695e-03
   4.4540577e-03
   4.6076458e-03
   4.7612339e-03
   4.9148221e-03
   5.1196055e-03
   5.2731936e-03
   5.6315660e-03
   5.9387428e-03
   6.2459195e-03
   6.5018996e-03
   6.7578801e-03
   7.1162526e-03
   7.4234293e-03
   7.5258212e-03
   7.5258217e-03
   7.6282136e-03
   7.8841932e-03
   8.1913695e-03
   8.4473500e-03
   8.6009381e-03
   8.7033305e-03
   8.9081144e-03
   9.2152907e-03
   9.4712703e-03
   9.6760541e-03
   9.8808389e-03
   1.0239212e-02
   1.0495192e-02
   1.0699976e-02
   1.0699976e-02
   1.0802369e-02
   1.0904761e-02
   1.1007153e-02
   1.1109546e-02
   1.1263134e-02
   1.1467919e-02
   1.1519115e-02
   1.1621508e-02
   1.1621508e-02
   1.1723899e-02
   1.1877487e-02
   1.1979880e-02
   1.1979882e-02
   1.1979881e-02
   1.1979880e-02
   1.2031076e-02
   1.2082271e-02
   1.1979880e-02
   1.1979879e-02
   1.2031075e-02
   1.2133466e-02
   1.2235858e-02
   1.2338250e-02
   1.2389446e-02
   1.2543035e-02
   1.2901408e-02
   1.3259780e-02
   1.3362171e-02
   1.3413367e-02
   1.3515758e-02
   1.3720542e-02
   1.3925327e-02
   1.4181308e-02
   1.4386093e-02
   1.4539681e-02
   1.4846859e-02
   1.4949251e-02
   1.5154035e-02
   1.5358819e-02
   1.5512408e-02
   1.5768386e-02
   1.6075563e-02
   1.6331544e-02
   1.6741114e-02
   1.7099487e-02
   1.7355464e-02
   1.7611446e-02
   1.7918622e-02
   1.8328192e-02
   1.8686563e-02
   1.8993739e-02
   1.9300915e-02
   1.9659288e-02
   2.0017659e-02
   2.0324836e-02
   2.0376032e-02
   2.0427231e-02
   2.0529624e-02
   2.0529624e-02
   2.0427233e-02
   2.0222450e-02
   2.0222450e-02
   2.0273644e-02
   2.0427233e-02
   2.0529626e-02
   2.0580823e-02
   2.0683214e-02
   2.0632019e-02
   2.0580823e-02
   2.0632019e-02
   2.0683214e-02
   2.0580823e-02
   2.0478431e-02
   2.0376038e-02
   2.0222448e-02
   2.0017663e-02
   1.9966464e-02
   1.9966464e-02
   1.9966463e-02
   1.9915266e-02
   1.9556895e-02
   1.9198524e-02
   1.8942544e-02
   1.8635366e-02
   1.8276993e-02
   1.8072208e-02
   1.7816227e-02
   1.7816227e-02
   1.7867424e-02
   1.7765032e-02
   1.7713835e-02
   1.7560247e-02
   1.7560247e-02
   1.7611444e-02
   1.7560249e-02
   1.7560249e-02
   1.7816229e-02
   1.7867425e-02
   1.7765034e-02
   1.7713841e-02
   1.7867429e-02
   1.7969819e-02
   1.8021014e-02
   1.7918622e-02
   1.7816231e-02
   1.7765034e-02
   1.7816229e-02
   1.7867424e-02
   1.8021012e-02
   1.8123403e-02
   1.8123405e-02
   1.7969817e-02
   1.7867425e-02
   1.7765034e-02
   1.7611448e-02
   1.7765036e-02
   1.7816233e-02
   1.7867427e-02
   1.7918622e-02
   1.7918624e-02
   1.7918624e-02
   1.7867427e-02
   1.7253077e-02
   1.6177960e-02
   1.5000448e-02
   1.4130116e-02
   1.3925332e-02
   1.4386097e-02
   1.5205234e-02
   1.6229156e-02
   1.6741117e-02
   1.6587527e-02
   1.6126763e-02
   1.5768392e-02
   1.5614803e-02
   1.5205233e-02
   1.4642077e-02
   1.4027725e-02
   1.3720549e-02
   1.3618156e-02
   1.3771744e-02
   1.4181314e-02
   1.4744470e-02
   1.5154039e-02
   1.5307627e-02
   1.5205234e-02
   1.5205234e-02
   1.5307626e-02
   1.5410018e-02
   1.5512411e-02
   1.5614801e-02
   1.5512409e-02
   1.5461212e-02
   1.5461212e-02
   1.5512408e-02
   1.5563603e-02
   1.5512407e-02
   1.5512406e-02
   1.5614798e-02
   1.5973169e-02
   1.6382739e-02
   1.6689915e-02
   1.6741112e-02
   1.6638720e-02
   1.6485132e-02
   1.6331544e-02
   1.6024366e-02
   1.5665993e-02
   1.5410013e-02
   1.5154032e-02
   1.5051642e-02
   1.4795663e-02
   1.4437290e-02
   1.4130114e-02
   1.3822937e-02
   1.3362173e-02
   1.3208586e-02
   1.3157389e-02
   1.3106193e-02
   1.2901410e-02
   1.2696626e-02
   1.2491840e-02
   1.2338252e-02
   1.2082271e-02
   1.1775096e-02
   1.1519116e-02
   1.1211940e-02
   1.0751175e-02
   1.0290411e-02
   9.7784512e-03
   9.4712740e-03
   9.2152935e-03
   8.9593139e-03
   8.7545300e-03
   8.1913732e-03
   7.6794121e-03
   7.1674529e-03
   6.8602758e-03
   6.5530976e-03
   6.0923337e-03
   5.6827650e-03
   5.4779812e-03
   5.8363532e-03
   6.5019038e-03
   6.9626672e-03
   6.7578834e-03
   5.8363541e-03
   4.4540591e-03
   2.9693733e-03
   1.8942552e-03
   1.4334909e-03
   1.2287066e-03
   1.0751183e-03
   9.2152995e-04
   8.7033381e-04
   8.7033346e-04
   9.2153013e-04
   9.7272603e-04
   7.6794211e-04
   2.0478452e-04
  -7.1674399e-04
  -1.6894694e-03
  -2.4574106e-03
  -2.8669795e-03
  -3.0717638e-03
  -3.3789405e-03
  -3.6349208e-03
  -3.9932933e-03
  -4.4028615e-03
  -4.6588415e-03
  -4.7612335e-03
  -4.9660183e-03
  -5.2731945e-03
  -5.6315670e-03
  -6.0411352e-03
  -6.3483114e-03
  -6.7066839e-03
  -7.2698407e-03
  -7.7818013e-03
  -8.1401737e-03
  -8.3961543e-03
  -8.4473500e-03
  -8.4985457e-03
  -8.4985448e-03
  -8.5497405e-03
  -8.4473491e-03
  -8.3449567e-03
  -8.3449576e-03
  -8.3961533e-03
  -8.4985457e-03
  -8.4985457e-03
  -8.6009381e-03
  -8.6521339e-03
  -8.7033305e-03
  -8.7033296e-03
  -8.9081135e-03
  -9.1128973e-03
  -9.4200736e-03
  -9.8296432e-03
  -1.0136819e-02
  -1.0495191e-02
  -1.0904759e-02
  -1.1211935e-02
  -1.1365524e-02
  -1.1672700e-02
  -1.2031073e-02
  -1.2235858e-02
  -1.2389445e-02
  -1.2440641e-02
  -1.2594230e-02
  -1.2799014e-02
  -1.3003798e-02
  -1.3259779e-02
  -1.3464564e-02
  -1.3618152e-02
  -1.3669348e-02
  -1.3976525e-02
  -1.4334897e-02
  -1.4642074e-02
  -1.4846859e-02
  -1.4795663e-02
  -1.4898056e-02
  -1.5051644e-02
  -1.5358821e-02
  -1.5563605e-02
  -1.5768390e-02
  -1.6024370e-02
  -1.6229156e-02
  -1.6382745e-02
  -1.6536333e-02
  -1.6536333e-02
  -1.6587529e-02
  -1.6741116e-02
  -1.6792314e-02
  -1.6792316e-02
  -1.6843511e-02
  -1.7099489e-02
  -1.7355468e-02
  -1.7560255e-02
  -1.7560253e-02
  -1.7662644e-02
  -1.7867429e-02
  -1.8225802e-02
  -1.8584175e-02
  -1.8891349e-02
  -1.9147329e-02
  -1.9249720e-02
  -1.9300917e-02
  -1.9505702e-02
  -1.9659288e-02
  -1.9659290e-02
  -1.9556897e-02
  -1.9556897e-02
  -1.9659290e-02
  -1.9812878e-02
  -1.9864075e-02
  -1.9761682e-02
  -1.9761680e-02
  -2.0017661e-02
  -2.0171251e-02
  -2.0171251e-02
  -2.0068858e-02
  -2.0017663e-02
  -2.0068858e-02
  -2.0273641e-02
  -2.0427231e-02
  -2.0529622e-02
  -2.0632016e-02
  -2.0734407e-02
  -2.0836800e-02
  -2.0734407e-02
  -2.0632014e-02
  -2.0478426e-02
  -2.0324837e-02
  -2.0120054e-02
  -1.9966468e-02
  -1.9812882e-02
  -1.9608097e-02
  -1.9608097e-02
  -1.9505706e-02
  -1.9249728e-02
  -1.9147336e-02
  -1.9198531e-02
  -1.9096140e-02
  -1.8840160e-02
  -1.8635377e-02
  -1.8584181e-02
  -1.8532982e-02
  -1.8532980e-02
  -1.8584175e-02
  -1.8686568e-02
  -1.8686563e-02
  -1.8584168e-02
  -1.8635364e-02
  -1.8686559e-02
  -1.8584168e-02
  -1.8481774e-02
  -1.8379381e-02
  -1.8225793e-02
  -1.8225795e-02
  -1.8123403e-02
  -1.8123403e-02
  -1.8021012e-02
  -1.7918620e-02
  -1.7611444e-02
  -1.7150678e-02
  -1.6843501e-02
  -1.6638719e-02
  -1.6433934e-02
  -1.6280347e-02
  -1.6024366e-02
  -1.5768385e-02
  -1.5665993e-02
  -1.5614798e-02
  -1.5512406e-02
  -1.5358818e-02
  -1.5102837e-02
  -1.4898055e-02
  -1.4949252e-02
  -1.4898056e-02
  -1.4693271e-02
  -1.4590881e-02
  -1.4539683e-02
  -1.4386096e-02
  -1.4283704e-02
  -1.4283704e-02
  -1.4334900e-02
  -1.4334899e-02
  -1.4283704e-02
  -1.4334898e-02
  -1.4437291e-02
  -1.4283702e-02
  -1.4130113e-02
  -1.4130114e-02
  -1.4181309e-02
  -1.4232506e-02
  -1.4130114e-02
  -1.3976525e-02
  -1.3822936e-02
  -1.3771740e-02
  -1.3720544e-02
  -1.3618153e-02
  -1.3464564e-02
  -1.3259779e-02
  -1.3106191e-02
  -1.2952602e-02
  -1.2850211e-02
  -1.2696622e-02
  -1.2594230e-02
  -1.2491837e-02
  -1.2491837e-02
  -1.2594230e-02
  -1.2799013e-02
  -1.2952602e-02
  -1.3157385e-02
  -1.3310974e-02
  -1.3413366e-02
  -1.3464562e-02
  -1.3413366e-02
  -1.3413366e-02
  -1.3310974e-02
  -1.3106189e-02
  -1.2850209e-02
  -1.2696621e-02
  -1.2491836e-02
  -1.2184661e-02
  -1.1928681e-02
  -1.1672702e-02
  -1.1416722e-02
  -1.1160742e-02
  -1.0904762e-02
  -1.0546389e-02
  -1.0034429e-02
  -9.5736654e-03
  -9.1640987e-03
  -8.8057267e-03
  -8.4473528e-03
  -8.1913732e-03
  -7.9353927e-03
  -7.5258249e-03
  -7.0650596e-03
  -6.6554900e-03
  -6.2971185e-03
  -6.1435304e-03
  -5.9899418e-03
  -5.6315698e-03
  -5.0684134e-03
  -4.5564510e-03
  -4.1468823e-03
  -3.7885099e-03
  -3.2765490e-03
  -2.5598039e-03
  -1.7918624e-03
  -1.0239213e-03
  -2.0478461e-04
   5.1196042e-04
   1.2799014e-03
   2.2526265e-03
   3.2765488e-03
   4.1980781e-03
   5.2731959e-03
   6.3995095e-03
   7.5770197e-03
   8.7033333e-03
   9.9320384e-03
   1.1211940e-02
   1.2338254e-02
   1.3310978e-02
   1.4283703e-02
   1.5358820e-02
   1.6280349e-02
   1.7253073e-02
   1.8379388e-02
   1.9659290e-02
   2.0990388e-02
   2.2321487e-02
   2.3703782e-02
   2.4983684e-02
   2.6212389e-02
   2.7594682e-02
   2.9079368e-02
   3.0615250e-02
   3.2151133e-02
   3.3738211e-02
   3.5376482e-02
   3.7117150e-02
   3.8806621e-02
   4.0598486e-02
   4.2287957e-02
   4.3977428e-02
   4.5820486e-02
   4.7919523e-02
   5.0120957e-02
   5.2322388e-02
   5.4472622e-02
   5.6674056e-02
   5.8977880e-02
   6.1230507e-02
   6.3483134e-02
   6.5838151e-02
   6.8244360e-02
   7.0599385e-02
   7.3005602e-02
   7.5411819e-02
   7.7818029e-02
   8.0275446e-02
   8.2937643e-02
   8.5651033e-02
   8.8518009e-02
   9.1487378e-02
   9.4405554e-02
   9.7477317e-02
   1.0049788e-01
   1.0362083e-01
   1.0679499e-01
   1.1012273e-01
   1.1365526e-01
   1.1723898e-01
   1.2072032e-01
   1.2440643e-01
   1.2819494e-01
   1.3198344e-01
   1.3597675e-01
   1.4002123e-01
   1.4416812e-01
   1.4821261e-01
   1.5215470e-01
   1.5630159e-01
   1.6060205e-01
   1.6474894e-01
   1.6889583e-01
   1.7319629e-01
   1.7765035e-01
   1.8215561e-01
   1.8691684e-01
   1.9178046e-01
   1.9669528e-01
   2.0155890e-01
   2.0652494e-01
   2.1154214e-01
   2.1661057e-01
   2.2183256e-01
   2.2710575e-01
   2.3243015e-01
   2.3801051e-01
   2.4374448e-01
   2.4963203e-01
   2.5562197e-01
   2.6161191e-01
   2.6775545e-01
   2.7400136e-01
   2.8040087e-01
   2.8680038e-01
   2.9330230e-01
   2.9990658e-01
   3.0661330e-01
   3.1342235e-01
   3.2028264e-01
   3.2719409e-01
   3.3410558e-01
   3.4111944e-01
   3.4828690e-01
   3.5555676e-01
   3.6287779e-01
   3.7025002e-01
   3.7772462e-01
   3.8519925e-01
   3.9277628e-01
   4.0066049e-01
   4.0849349e-01
   4.1622409e-01
   4.2405710e-01
   4.3204370e-01
   4.4023505e-01
   4.4842643e-01
   4.5666897e-01
   4.6501392e-01
   4.7351247e-01
   4.8190862e-01
   4.9030477e-01
   4.9880332e-01
   5.0750667e-01
   5.1605636e-01
   5.2465731e-01
   5.3336060e-01
   5.4196161e-01
   5.5071610e-01
   5.5947065e-01
   5.6807166e-01
   5.7672375e-01
   5.8527344e-01
   5.9397680e-01
   6.0273135e-01
   6.1158830e-01
   6.2049639e-01
   6.2919974e-01
   6.3785195e-01
   6.4655530e-01
   6.5520740e-01
   6.6380829e-01
   6.7246044e-01
   6.8101019e-01
   6.8950868e-01
   6.9780248e-01
   7.0599383e-01
   7.1444118e-01
   7.2283739e-01
   7.3102874e-01
   7.3942494e-01
   7.4771875e-01
   7.5585896e-01
   7.6394796e-01
   7.7193451e-01
   7.7971631e-01
   7.8744686e-01
   7.9512626e-01
   8.0254972e-01
   8.0987078e-01
   8.1708950e-01
   8.2441050e-01
   8.3137310e-01
   8.3818221e-01
   8.4473532e-01
   8.5108364e-01
   8.5727835e-01
   8.6331946e-01
   8.6900222e-01
   8.7463379e-01
   8.8011175e-01
   8.8553852e-01
   8.9091408e-01
   8.9613605e-01
   9.0105087e-01
   9.0555614e-01
   9.0995896e-01
   9.1420829e-01
   9.1845763e-01
   9.2260444e-01
   9.2664891e-01
   9.3048865e-01
   9.3407238e-01
   9.3734890e-01
   9.4026703e-01
   9.4282681e-01
   9.4507945e-01
   9.4707608e-01
   9.4907272e-01
   9.5096695e-01
   9.5281005e-01
   9.5444834e-01
   9.5557463e-01
   9.5649618e-01
   9.5700818e-01
   9.5716172e-01
   9.5705932e-01
   9.5675218e-01
   9.5618904e-01
   9.5542109e-01
   9.5449960e-01
   9.5321965e-01
   9.5142782e-01
   9.4958472e-01
   9.4758803e-01
   9.4533539e-01
   9.4282681e-01
   9.4001108e-01
   9.3699056e-01
   9.3381643e-01
   9.3053985e-01
   9.2695612e-01
   9.2286044e-01
   9.1835517e-01
   9.1354275e-01
   9.0842313e-01
   9.0320110e-01
   8.9777428e-01
   8.9204031e-01
   8.8599926e-01
   8.7975329e-01
   8.7325132e-01
   8.6633986e-01
   8.5917240e-01
   8.5180020e-01
   8.4432554e-01
   8.3644140e-01
   8.2824999e-01
   8.1990504e-01
   8.1125289e-01
   8.0239606e-01
   7.9333431e-01
   7.8401661e-01
   7.7444297e-01
   7.6471573e-01
   7.5463009e-01
   7.4423730e-01
   7.3384446e-01
   7.2314453e-01
   7.1223980e-01
   7.0102787e-01
   6.8981588e-01
   6.7850155e-01
   6.6708487e-01
   6.5530974e-01
   6.4338112e-01
   6.3129890e-01
   6.1931896e-01
   6.0703194e-01
   5.9438652e-01
   5.8143389e-01
   5.6822538e-01
   5.5486321e-01
   5.4134744e-01
   5.2767807e-01
   5.1385510e-01
   4.9977615e-01
   4.8539001e-01
   4.7069672e-01
   4.5574746e-01
   4.4069582e-01
   4.2538822e-01
   4.0992698e-01
   3.9446577e-01
   3.7900454e-01
   3.6359450e-01
   3.4813330e-01
   3.3231369e-01
   3.1618690e-01
   2.9975298e-01
   2.8316545e-01
   2.6652670e-01
   2.4968317e-01
   2.3278849e-01
   2.1589379e-01
   1.9879432e-01
   1.8154123e-01
   1.6423696e-01
   1.4677912e-01
   1.2906528e-01
   1.1130022e-01
   9.3535192e-02
   7.5667776e-02
   5.7544377e-02
   3.9164986e-02
   2.0734413e-02
   2.0990453e-03
  -1.6689915e-02
  -3.5581257e-02
  -5.4779772e-02
  -7.4080691e-02
  -9.3330413e-02
  -1.1268255e-01
  -1.3208587e-01
  -1.5174517e-01
  -1.7160925e-01
  -1.9147331e-01
  -2.1149097e-01
  -2.3171341e-01
  -2.5203824e-01
  -2.7220950e-01
  -2.9212475e-01
  -3.1188643e-01
  -3.3200648e-01
  -3.5238254e-01
  -3.7286097e-01
  -3.9354417e-01
  -4.1427860e-01
  -4.3516657e-01
  -4.5610577e-01
  -4.7704494e-01
  -4.9808651e-01
  -5.1917934e-01
  -5.4042572e-01
  -5.6187683e-01
  -5.8332801e-01
  -6.0472798e-01
  -6.2607670e-01
  -6.4752793e-01
  -6.6918385e-01
  -6.9094217e-01
  -7.1285409e-01
  -7.3466361e-01
  -7.5647312e-01
  -7.7833384e-01
  -8.0019456e-01
  -8.2205528e-01
  -8.4381360e-01
  -8.6546952e-01
  -8.8717669e-01
  -9.0903735e-01
  -9.3094933e-01
  -9.5286119e-01
  -9.7487551e-01
  -9.9688983e-01
  -1.0189042e+00
  -1.0407649e+00
  -1.0626256e+00
  -1.0844352e+00
  -1.1061935e+00
  -1.1277471e+00
  -1.1492493e+00
  -1.1708028e+00
  -1.1924075e+00
  -1.2139611e+00
  -1.2354124e+00
  -1.2566587e+00
  -1.2778538e+00
  -1.2989976e+00
  -1.3200393e+00
  -1.3409272e+00
  -1.3616105e+00
  -1.3821913e+00
  -1.4028233e+00
  -1.4233018e+00
  -1.4434730e+00
  -1.4636955e+00
  -1.4839181e+00
  -1.5038844e+00
  -1.5237486e+00
  -1.5434079e+00
  -1.5629137e+00
  -1.5821633e+00
  -1.6012594e+00
  -1.6201508e+00
  -1.6387351e+00
  -1.6570632e+00
  -1.6752379e+00
  -1.6932077e+00
  -1.7108704e+00
  -1.7282771e+00
  -1.7455813e+00
  -1.7626295e+00
  -1.7794219e+00
  -1.7960607e+00
  -1.8125459e+00
  -1.8286214e+00
  -1.8445435e+00
  -1.8603117e+00
  -1.8760803e+00
  -1.8916950e+00
  -1.9073609e+00
  -1.9225150e+00
  -1.9372594e+00
  -1.9516968e+00
  -1.9658270e+00
  -1.9798033e+00
  -1.9934216e+00
  -2.0066814e+00
  -2.0198388e+00
  -2.0326378e+00
  -2.0452833e+00
  -2.0575702e+00
  -2.0694990e+00
  -2.0811207e+00
  -2.0927422e+00
  -2.1040564e+00
  -2.1151147e+00
  -2.1257634e+00
  -2.1362586e+00
  -2.1464465e+00
  -2.1564810e+00
  -2.1661572e+00
  -2.1754749e+00
  -2.1844854e+00
  -2.1933427e+00
  -2.2020969e+00
  -2.2106466e+00
  -2.2189405e+00
  -2.2268758e+00
  -2.2345040e+00
  -2.2417738e+00
  -2.2486854e+00
  -2.2553408e+00
  -2.2616379e+00
  -2.2678325e+00
  -2.2737713e+00
  -2.2795053e+00
  -2.2849832e+00
  -2.2902563e+00
  -2.2951710e+00
  -2.2996252e+00
  -2.3037210e+00
  -2.3076630e+00
  -2.3115027e+00
  -2.3151379e+00
  -2.3184657e+00
  -2.3215377e+00
  -2.3242509e+00
  -2.3267086e+00
  -2.3290124e+00
  -2.3311625e+00
  -2.3328519e+00
  -2.3340807e+00
  -2.3352070e+00
  -2.3359749e+00
  -2.3363845e+00
  -2.3366406e+00
  -2.3365381e+00
  -2.3363333e+00
  -2.3359234e+00
  -2.3352067e+00
  -2.3341315e+00
  -2.3328001e+00
  -2.3312132e+00
  -2.3295236e+00
  -2.3276808e+00
  -2.3254793e+00
  -2.3231244e+00
  -2.3205645e+00
  -2.3176463e+00
  -2.3145745e+00
  -2.3110421e+00
  -2.3070490e+00
  -2.3029022e+00
  -2.2986016e+00
  -2.2938917e+00
  -2.2887719e+00
  -2.2834473e+00
  -2.2780716e+00
  -2.2723377e+00
  -2.2662451e+00
  -2.2599480e+00
  -2.2533436e+00
  -2.2464321e+00
  -2.2391622e+00
  -2.2317390e+00
  -2.2242641e+00
  -2.2165337e+00
  -2.2084446e+00
  -2.1998951e+00
  -2.1911919e+00
  -2.1821814e+00
  -2.1729662e+00
  -2.1634438e+00
  -2.1537676e+00
  -2.1437845e+00
  -2.1334939e+00
  -2.1228452e+00
  -2.1120427e+00
  -2.1009846e+00
  -2.0896704e+00
  -2.0781512e+00
  -2.0662737e+00
  -2.0540378e+00
  -2.0414946e+00
  -2.0287466e+00
  -2.0156915e+00
  -2.0024829e+00
  -1.9889160e+00
  -1.9751443e+00
  -1.9609629e+00
  -1.9466280e+00
  -1.9321907e+00
  -1.9175999e+00
  -1.9027530e+00
  -1.8875990e+00
  -1.8722914e+00
  -1.8567278e+00
  -1.8409594e+00
  -1.8251396e+00
  -1.8090129e+00
  -1.7926301e+00
  -1.7759914e+00
  -1.7591991e+00
  -1.7423558e+00
  -1.7253075e+00
  -1.7081058e+00
  -1.6905966e+00
  -1.6728827e+00
  -1.6550153e+00
  -1.6370456e+00
  -1.6189735e+00
  -1.6008500e+00
  -1.5825729e+00
  -1.5640399e+00
  -1.5454047e+00
  -1.5266668e+00
  -1.5075707e+00
  -1.4884233e+00
  -1.4691737e+00
  -1.4496680e+00
  -1.4301623e+00
  -1.4106054e+00
  -1.3910486e+00
  -1.3712867e+00
  -1.3514228e+00
  -1.3314050e+00
  -1.3111827e+00
  -1.2908067e+00
  -1.2702259e+00
  -1.2496961e+00
  -1.2293200e+00
  -1.2086880e+00
  -1.1879536e+00
  -1.1671680e+00
  -1.1463825e+00
  -1.1254944e+00
  -1.1044527e+00
  -1.0834112e+00
  -1.0623697e+00
  -1.0412257e+00
  -1.0200816e+00
  -9.9893773e-01
  -9.7779381e-01
  -9.5664984e-01
  -9.3555701e-01
  -9.1425943e-01
  -8.9306432e-01
  -8.7176669e-01
  -8.5041791e-01
  -8.2901794e-01
  -8.0761808e-01
  -7.8611571e-01
  -7.6461333e-01
  -7.4311101e-01
  -7.2160864e-01
  -7.0020866e-01
  -6.7875755e-01
  -6.5725517e-01
  -6.3580400e-01
  -6.1425048e-01
  -5.9274811e-01
  -5.7129693e-01
  -5.4989690e-01
  -5.2844590e-01
  -5.0699472e-01
  -4.8538995e-01
  -4.6388763e-01
  -4.4228289e-01
  -4.2088294e-01
  -3.9958534e-01
  -3.7828776e-01
  -3.5688782e-01
  -3.3538547e-01
  -3.1388313e-01
  -2.9232955e-01
  -2.7087840e-01
  -2.4947843e-01
  -2.2782251e-01
  -2.0632017e-01
  -1.8492018e-01
  -1.6352022e-01
  -1.4217147e-01
  -1.2087393e-01
  -9.9627532e-02
  -7.8381158e-02
  -5.7237186e-02
  -3.6042027e-02
  -1.4898059e-02
   6.1947294e-03
   2.7236300e-02
   4.8226684e-02
   6.9114678e-02
   8.9849085e-02
   1.1053230e-01
   1.3116433e-01
   1.5159157e-01
   1.7212121e-01
   1.9249722e-01
   2.1271966e-01
   2.3289090e-01
   2.5285736e-01
   2.7287504e-01
   2.9299510e-01
   3.1291035e-01
   3.3256966e-01
   3.5217777e-01
   3.7163225e-01
   3.9077958e-01
   4.0977332e-01
   4.2886943e-01
   4.4770959e-01
   4.6629375e-01
   4.8462197e-01
   5.0284779e-01
   5.2102232e-01
   5.3904337e-01
   5.5696195e-01
   5.7462460e-01
   5.9208250e-01
   6.0928440e-01
   6.2633270e-01
   6.4307380e-01
   6.5961015e-01
   6.7614651e-01
   6.9232452e-01
   7.0840007e-01
   7.2411728e-01
   7.3957843e-01
   7.5478369e-01
   7.6968169e-01
   7.8442615e-01
   7.9901701e-01
   8.1340307e-01
   8.2743084e-01
   8.4130496e-01
   8.5497433e-01
   8.6828530e-01
   8.8128906e-01
   8.9403689e-01
   9.0642637e-01
   9.1845739e-01
   9.3033493e-01
   9.4180280e-01
   9.5301473e-01
   9.6391946e-01
   9.7441465e-01
   9.8460269e-01
   9.9463713e-01
   1.0044155e+00
   1.0139380e+00
   1.0230509e+00
   1.0318054e+00
   1.0402015e+00
   1.0481881e+00
   1.0559186e+00
   1.0632397e+00
   1.0701512e+00
   1.0767555e+00
   1.0830528e+00
   1.0889915e+00
   1.0945208e+00
   1.0998452e+00
   1.1050159e+00
   1.1098794e+00
   1.1144871e+00
   1.1186340e+00
   1.1225760e+00
   1.1261085e+00
   1.1292315e+00
   1.1320986e+00
   1.1345561e+00
   1.1368599e+00
   1.1389078e+00
   1.1405972e+00
   1.1420307e+00
   1.1430547e+00
   1.1437201e+00
   1.1439761e+00
   1.1440272e+00
   1.1438226e+00
   1.1432594e+00
   1.1421331e+00
   1.1407508e+00
   1.1392149e+00
   1.1372182e+00
   1.1350168e+00
   1.1328154e+00
   1.1302556e+00
   1.1272862e+00
   1.1239583e+00
   1.1204258e+00
   1.1166886e+00
   1.1124905e+00
   1.1079341e+00
   1.1031218e+00
   1.0980022e+00
   1.0927290e+00
   1.0871998e+00
   1.0813636e+00
   1.0752199e+00
   1.0688716e+00
   1.0622673e+00
   1.0554070e+00
   1.0483420e+00
   1.0407650e+00
   1.0329833e+00
   1.0250478e+00
   1.0169075e+00
   1.0086138e+00
   1.0000128e+00
   9.9105352e-01
   9.8178703e-01
   9.7226459e-01
   9.6228135e-01
   9.5209324e-01
   9.4180286e-01
   9.3130767e-01
   9.2050529e-01
   9.0939575e-01
   8.9803022e-01
   8.8635749e-01
   8.7453121e-01
   8.6244893e-01
   8.5021305e-01
   8.3782363e-01
   8.2512701e-01
   8.1196964e-01
   7.9860741e-01
   7.8509164e-01
   7.7167833e-01
   7.5795776e-01
   7.4393010e-01
   7.2964633e-01
   7.1495306e-01
   7.0005500e-01
   6.8490100e-01
   6.6959339e-01
   6.5413219e-01
   6.3851744e-01
   6.2285143e-01
   6.0682708e-01
   5.9059793e-01
   5.7411277e-01
   5.5742288e-01
   5.4063058e-01
   5.2368462e-01
   5.0663638e-01
   4.8948565e-01
   4.7207907e-01
   4.5462117e-01
   4.3695852e-01
   4.1909111e-01
   4.0101889e-01
   3.8284427e-01
   3.6461845e-01
   3.4644386e-01
   3.2811567e-01
   3.0958268e-01
   2.9110089e-01
   2.7261907e-01
   2.5403491e-01
   2.3529713e-01
   2.1645695e-01
   1.9746324e-01
   1.7831591e-01
   1.5886138e-01
   1.3950929e-01
   1.2020836e-01
   1.0095859e-01
   8.1760116e-02
   6.2510394e-02
   4.3260667e-02
   2.4010943e-02
   4.6588504e-03
  -1.4693283e-02
  -3.4147792e-02
  -5.3551093e-02
  -7.2852030e-02
  -9.1896944e-02
  -1.1083949e-01
  -1.2967964e-01
  -1.4841740e-01
  -1.6710399e-01
  -1.8573934e-01
  -2.0437470e-01
  -2.2306126e-01
  -2.4164544e-01
  -2.6017842e-01
  -2.7866018e-01
  -2.9688600e-01
  -3.1485581e-01
  -3.3272323e-01
  -3.5028347e-01
  -3.6769018e-01
  -3.8499445e-01
  -4.0214515e-01
  -4.1914222e-01
  -4.3598571e-01
  -4.5257327e-01
  -4.6895599e-01
  -4.8528752e-01
  -5.0136310e-01
  -5.1733625e-01
  -5.3300226e-01
  -5.4841226e-01
  -5.6341273e-01
  -5.7805485e-01
  -5.9249216e-01
  -6.0692942e-01
  -6.2111074e-01
  -6.3493371e-01
  -6.4834714e-01
  -6.6135091e-01
  -6.7404759e-01
  -6.8638581e-01
  -6.9846809e-01
  -7.1034557e-01
  -7.2191590e-01
  -7.3312783e-01
  -7.4398142e-01
  -7.5478375e-01
  -7.6533020e-01
  -7.7556938e-01
  -7.8545022e-01
  -7.9497266e-01
  -8.0429035e-01
  -8.1335205e-01
  -8.2215780e-01
  -8.3060515e-01
  -8.3869410e-01
  -8.4642470e-01
  -8.5374576e-01
  -8.6081088e-01
  -8.6761993e-01
  -8.7427545e-01
  -8.8052136e-01
  -8.8651133e-01
  -8.9209163e-01
  -8.9726245e-01
  -9.0207493e-01
  -9.0642661e-01
  -9.1062468e-01
  -9.1446435e-01
  -9.1784328e-01
  -9.2086381e-01
  -9.2357719e-01
  -9.2598343e-01
  -9.2798007e-01
  -9.2977190e-01
  -9.3130773e-01
  -9.3243408e-01
  -9.3335563e-01
  -9.3381637e-01
  -9.3386751e-01
  -9.3361151e-01
  -9.3294603e-01
  -9.3181968e-01
  -9.3059093e-01
  -9.2905509e-01
  -9.2721206e-01
  -9.2516422e-01
  -9.2280912e-01
  -9.1989100e-01
  -9.1656327e-01
  -9.1277474e-01
  -9.0862787e-01
  -9.0412259e-01
  -8.9931017e-01
  -8.9424181e-01
  -8.8891739e-01
  -8.8308096e-01
  -8.7688625e-01
  -8.7043554e-01
  -8.6372882e-01
  -8.5656136e-01
  -8.4893310e-01
  -8.4089535e-01
  -8.3244801e-01
  -8.2364225e-01
  -8.1437582e-01
  -8.0490452e-01
  -7.9502368e-01
  -7.8483570e-01
  -7.7428931e-01
  -7.6333326e-01
  -7.5222379e-01
  -7.4080712e-01
  -7.2903198e-01
  -7.1679610e-01
  -7.0430422e-01
  -6.9150525e-01
  -6.7829674e-01
  -6.6467857e-01
  -6.5090680e-01
  -6.3687903e-01
  -6.2254411e-01
  -6.0779971e-01
  -5.9274805e-01
  -5.7728684e-01
  -5.6141603e-01
  -5.4513574e-01
  -5.2859938e-01
  -5.1190948e-01
  -4.9481001e-01
  -4.7735223e-01
  -4.5948499e-01
  -4.4136155e-01
  -4.2293099e-01
  -4.0434682e-01
  -3.8545546e-01
  -3.6630815e-01
  -3.4685364e-01
  -3.2714316e-01
  -3.0702311e-01
  -2.8669822e-01
  -2.6601499e-01
  -2.4538296e-01
  -2.2464858e-01
  -2.0355579e-01
  -1.8230945e-01
  -1.6075584e-01
  -1.3884391e-01
  -1.1688076e-01
  -9.4610460e-02
  -7.2084174e-02
  -4.9455494e-02
  -2.6724350e-02
  -3.8908843e-03
   1.9249734e-02
   4.2697534e-02
   6.6401318e-02
   9.0156294e-02
   1.1380888e-01
   1.3776863e-01
   1.6172838e-01
   1.8573934e-01
   2.1005748e-01
   2.3442683e-01
   2.5884733e-01
   2.8342143e-01
   3.0820033e-01
   3.3292809e-01
   3.5770699e-01
   3.8253710e-01
   4.0731600e-01
   4.3204373e-01
   4.5687380e-01
   4.8170391e-01
   5.0663638e-01
   5.3146642e-01
   5.5629653e-01
   5.8128023e-01
   6.0636628e-01
   6.3140118e-01
   6.5628248e-01
   6.8101019e-01
   7.0568669e-01
   7.3041439e-01
   7.5534689e-01
   7.8027934e-01
   8.0516064e-01
   8.2988834e-01
   8.5456485e-01
   8.7919015e-01
   9.0381545e-01
   9.2828715e-01
   9.5270771e-01
   9.7697467e-01
   1.0013441e+00
   1.0256109e+00
   1.0496731e+00
   1.0735304e+00
   1.0972854e+00
   1.1210915e+00
   1.1448977e+00
   1.1684991e+00
   1.1918446e+00
   1.2150877e+00
   1.2382793e+00
   1.2613176e+00
   1.2842022e+00
   1.3070869e+00
   1.3297156e+00
   1.3522419e+00
   1.3745121e+00
   1.3966800e+00
   1.4186943e+00
   1.4407086e+00
   1.4626205e+00
   1.4843277e+00
   1.5058812e+00
   1.5273834e+00
   1.5486810e+00
   1.5698251e+00
   1.5908155e+00
   1.6117035e+00
   1.6323354e+00
   1.6527627e+00
   1.6730363e+00
   1.6933098e+00
   1.7133787e+00
   1.7332939e+00
   1.7530557e+00
   1.7726638e+00
   1.7920159e+00
   1.8112144e+00
   1.8303618e+00
   1.8493044e+00
   1.8679398e+00
   1.8863704e+00
   1.9045962e+00
   1.9228731e+00
   1.9407918e+00
   1.9585056e+00
   1.9761171e+00
   1.9935750e+00
   2.0107255e+00
   2.0277228e+00
   2.0444126e+00
   2.0607955e+00
   2.0770757e+00
   2.0931513e+00
   2.1090221e+00
   2.1247904e+00
   2.1405077e+00
   2.1559176e+00
   2.1712253e+00
   2.1861746e+00
   2.2008166e+00
   2.2154076e+00
   2.2296402e+00
   2.2436678e+00
   2.2575424e+00
   2.2711604e+00
   2.2846761e+00
   2.2979357e+00
   2.3108375e+00
   2.3233802e+00
   2.3357699e+00
   2.3478520e+00
   2.3595760e+00
   2.3709419e+00
   2.3821027e+00
   2.3930075e+00
   2.4037073e+00
   2.4140999e+00
   2.4242880e+00
   2.4341176e+00
   2.4436913e+00
   2.4529576e+00
   2.4620194e+00
   2.4708762e+00
   2.4792724e+00
   2.4874127e+00
   2.4952970e+00
   2.5030279e+00
   2.5105026e+00
   2.5176697e+00
   2.5244789e+00
   2.5308785e+00
   2.5370731e+00
   2.5429609e+00
   2.5485413e+00
   2.5538659e+00
   2.5591393e+00
   2.5640025e+00
   2.5685079e+00
   2.5727570e+00
   2.5767503e+00
   2.5803339e+00
   2.5835593e+00
   2.5865798e+00
   2.5893440e+00
   2.5918016e+00
   2.5940542e+00
   2.5961020e+00
   2.5977914e+00
   2.5991735e+00
   2.6002998e+00
   2.6011188e+00
   2.6017330e+00
   2.6020403e+00
   2.6020403e+00
   2.6018867e+00
   2.6014259e+00
   2.6007090e+00
   2.5998387e+00
   2.5987124e+00
   2.5973811e+00
   2.5958452e+00
   2.5940022e+00
   2.5920055e+00
   2.5898554e+00
   2.5875003e+00
   2.5846334e+00
   2.5816641e+00
   2.5784388e+00
   2.5751622e+00
   2.5715787e+00
   2.5677388e+00
   2.5635407e+00
   2.5591891e+00
   2.5547349e+00
   2.5501275e+00
   2.5454690e+00
   2.5405033e+00
   2.5353327e+00
   2.5300598e+00
   2.5245304e+00
   2.5188477e+00
   2.5129602e+00
   2.5067143e+00
   2.5003657e+00
   2.4938128e+00
   2.4871061e+00
   2.4802458e+00
   2.4731297e+00
   2.4657576e+00
   2.4581292e+00
   2.4504499e+00
   2.4427192e+00
   2.4347835e+00
   2.4267457e+00
   2.4186563e+00
   2.4103115e+00
   2.4017105e+00
   2.3929558e+00
   2.3840988e+00
   2.3752418e+00
   2.3660777e+00
   2.3566575e+00
   2.3470838e+00
   2.3373566e+00
   2.3274245e+00
   2.3174925e+00
   2.3074067e+00
   2.2971165e+00
   2.2867236e+00
   2.2762797e+00
   2.2655795e+00
   2.2547772e+00
   2.2439747e+00
   2.2329676e+00
   2.2217555e+00
   2.2103899e+00
   2.1989222e+00
   2.1873009e+00
   2.1755769e+00
   2.1636484e+00
   2.1515660e+00
   2.1393304e+00
   2.1269920e+00
   2.1145000e+00
   2.1018543e+00
   2.0892088e+00
   2.0764613e+00
   2.0636623e+00
   2.0506585e+00
   2.0375521e+00
   2.0244462e+00
   2.0112376e+00
   1.9978243e+00
   1.9843085e+00
   1.9709464e+00
   1.9575331e+00
   1.9438636e+00
   1.9300407e+00
   1.9161155e+00
   1.9021901e+00
   1.8881624e+00
   1.8740834e+00
   1.8598510e+00
   1.8454137e+00
   1.8310788e+00
   1.8166927e+00
   1.8022554e+00
   1.7877668e+00
   1.7733296e+00
   1.7588412e+00
   1.7444038e+00
   1.7299154e+00
   1.7152731e+00
   1.7005799e+00
   1.6858866e+00
   1.6712446e+00
   1.6566026e+00
   1.6419604e+00
   1.6272671e+00
   1.6125739e+00
   1.5978295e+00
   1.5832897e+00
   1.5687501e+00
   1.5542616e+00
   1.5398754e+00
   1.5254893e+00
   1.5111544e+00
   1.4970756e+00
   1.4831502e+00
   1.4693272e+00
   1.4554530e+00
   1.4415789e+00
   1.4277561e+00
   1.4139842e+00
   1.4003662e+00
   1.3869016e+00
   1.3735396e+00
   1.3601263e+00
   1.3467641e+00
   1.3337604e+00
   1.3208588e+00
   1.3081622e+00
   1.2955168e+00
   1.2830762e+00
   1.2706355e+00
   1.2583485e+00
   1.2462150e+00
   1.2342862e+00
   1.2225111e+00
   1.2108384e+00
   1.1993705e+00
   1.1881585e+00
   1.1773049e+00
   1.1664513e+00
   1.1556489e+00
   1.1449490e+00
   1.1343513e+00
   1.1239583e+00
   1.1140774e+00
   1.1044527e+00
   1.0949303e+00
   1.0856125e+00
   1.0764997e+00
   1.0674891e+00
   1.0586323e+00
   1.0500824e+00
   1.0416863e+00
   1.0334949e+00
   1.0254570e+00
   1.0175729e+00
   1.0098423e+00
   1.0022652e+00
   9.9494416e-01
   9.8772550e-01
   9.8071158e-01
   9.7400492e-01
   9.6745181e-01
   9.6115470e-01
   9.5501119e-01
   9.4902122e-01
   9.4308239e-01
   9.3739963e-01
   9.3197286e-01
   9.2685330e-01
   9.2193848e-01
   9.1722852e-01
   9.1251844e-01
   9.0801316e-01
   9.0366143e-01
   8.9951456e-01
   8.9557242e-01
   8.9188635e-01
   8.8835377e-01
   8.8497484e-01
   8.8174945e-01
   8.7872893e-01
   8.7581074e-01
   8.7309736e-01
   8.7058872e-01
   8.6823380e-01
   8.6582762e-01
   8.6352378e-01
   8.6147588e-01
   8.5953051e-01
   8.5773867e-01
   8.5620278e-01
   8.5466689e-01
   8.5318226e-01
   8.5164636e-01
   8.5036653e-01
   8.4924018e-01
   8.4836984e-01
   8.4760195e-01
   8.4703881e-01
   8.4657806e-01
   8.4616858e-01
   8.4586138e-01
   8.4555417e-01
   8.4519583e-01
   8.4499103e-01
   8.4493983e-01
   8.4499109e-01
   8.4514469e-01
   8.4534943e-01
   8.4550297e-01
   8.4581017e-01
   8.4616858e-01
   8.4662932e-01
   8.4719247e-01
   8.4765321e-01
   8.4801161e-01
   8.4837002e-01
   8.4898436e-01
   8.4990591e-01
   8.5098106e-01
   8.5205615e-01
   8.5318249e-01
   8.5410410e-01
   8.5502565e-01
   8.5610086e-01
   8.5712475e-01
   8.5825109e-01
   8.5942864e-01
   8.6050379e-01
   8.6157888e-01
   8.6260283e-01
   8.6362678e-01
   8.6465073e-01
   8.6562341e-01
   8.6664736e-01
   8.6787611e-01
   8.6915606e-01
   8.7028241e-01
   8.7125516e-01
   8.7217665e-01
   8.7325180e-01
   8.7427574e-01
   8.7529963e-01
   8.7632358e-01
   8.7734753e-01
   8.7826902e-01
   8.7908816e-01
   8.7980485e-01
   8.8057280e-01
   8.8144314e-01
   8.8241589e-01
   8.8328618e-01
   8.8405412e-01
   8.8477081e-01
   8.8543636e-01
   8.8605064e-01
   8.8651133e-01
   8.8692087e-01
   8.8727921e-01
   8.8758636e-01
   8.8794464e-01
   8.8809824e-01
   8.8825184e-01
   8.8840544e-01
   8.8855898e-01
   8.8891739e-01
   8.8907099e-01
   8.8901979e-01
   8.8881499e-01
   8.8850784e-01
   8.8809824e-01
   8.8768864e-01
   8.8727903e-01
   8.8681823e-01
   8.8615268e-01
   8.8538474e-01
   8.8451439e-01
   8.8354170e-01
   8.8241535e-01
   8.8118672e-01
   8.8000923e-01
   8.7888294e-01
   8.7775666e-01
   8.7652797e-01
   8.7519681e-01
   8.7381452e-01
   8.7232983e-01
   8.7084514e-01
   8.6936045e-01
   8.6782461e-01
   8.6613512e-01
   8.6429203e-01
   8.6234665e-01
   8.6035007e-01
   8.5809743e-01
   8.5569125e-01
   8.5318255e-01
   8.5067391e-01
   8.4806287e-01
   8.4550303e-01
   8.4278959e-01
   8.4007621e-01
   8.3726043e-01
   8.3418864e-01
   8.3121932e-01
   8.2809639e-01
   8.2492220e-01
   8.2179928e-01
   8.1852275e-01
   8.1519502e-01
   8.1171370e-01
   8.0807871e-01
   8.0439258e-01
   8.0065525e-01
   7.9671311e-01
   7.9251498e-01
   7.8821456e-01
   7.8401649e-01
   7.7956247e-01
   7.7510840e-01
   7.7055192e-01
   7.6584190e-01
   7.6097828e-01
   7.5601226e-01
   7.5104618e-01
   7.4618262e-01
   7.4111420e-01
   7.3584104e-01
   7.3026067e-01
   7.2457790e-01
   7.1884394e-01
   7.1300757e-01
   7.0706880e-01
   7.0087409e-01
   6.9437218e-01
   6.8781906e-01
   6.8121481e-01
   6.7450815e-01
   6.6759664e-01
   6.6048044e-01
   6.5321058e-01
   6.4558238e-01
   6.3774943e-01
   6.2981409e-01
   6.2157148e-01
   6.1327773e-01
   6.0483038e-01
   5.9628063e-01
   5.8742368e-01
   5.7841319e-01
   5.6914669e-01
   5.5982894e-01
   5.5010170e-01
   5.4032320e-01
   5.3018641e-01
   5.1984477e-01
   5.0929838e-01
   4.9849612e-01
   4.8748899e-01
   4.7612345e-01
   4.6450192e-01
   4.5257327e-01
   4.4043979e-01
   4.2799914e-01
   4.1525131e-01
   4.0224752e-01
   3.8893652e-01
   3.7521595e-01
   3.6129063e-01
   3.4721172e-01
   3.3287686e-01
   3.1828600e-01
   3.0323437e-01
   2.8813151e-01
   2.7282390e-01
   2.5720909e-01
   2.4103115e-01
   2.2444361e-01
   2.0760012e-01
   1.9050060e-01
   1.7324750e-01
   1.5568723e-01
   1.3771738e-01
   1.1933803e-01
   1.0080507e-01
   8.1913732e-02
   6.2612794e-02
   4.3107118e-02
   2.3243049e-02
   3.2253787e-03
  -1.6843505e-02
  -3.7321936e-02
  -5.8158737e-02
  -7.9200320e-02
  -1.0044668e-01
  -1.2194902e-01
  -1.4380975e-01
  -1.6582407e-01
  -1.8814553e-01
  -2.1067183e-01
  -2.3345408e-01
  -2.5654349e-01
  -2.7978650e-01
  -3.0328548e-01
  -3.2724524e-01
  -3.5135859e-01
  -3.7572792e-01
  -4.0014845e-01
  -4.2482498e-01
  -4.4975746e-01
  -4.7468996e-01
  -4.9982721e-01
  -5.2522045e-01
  -5.5061376e-01
  -5.7616061e-01
  -6.0191220e-01
  -6.2781745e-01
  -6.5387625e-01
  -6.8013984e-01
  -7.0640343e-01
  -7.3261583e-01
  -7.5887936e-01
  -7.8524536e-01
  -8.1171370e-01
  -8.3838683e-01
  -8.6516237e-01
  -8.9204031e-01
  -9.1886711e-01
  -9.4579625e-01
  -9.7262299e-01
  -9.9934733e-01
  -1.0260717e+00
  -1.0527449e+00
  -1.0793668e+00
  -1.1059887e+00
  -1.1326619e+00
  -1.1592327e+00
  -1.1858034e+00
  -1.2122718e+00
  -1.2387913e+00
  -1.2651062e+00
  -1.2913697e+00
  -1.3175309e+00
  -1.3437946e+00
  -1.3700581e+00
  -1.3963217e+00
  -1.4223804e+00
  -1.4483368e+00
  -1.4740884e+00
  -1.4996353e+00
  -1.5250286e+00
  -1.5502170e+00
  -1.5754056e+00
  -1.6005428e+00
  -1.6254753e+00
  -1.6503054e+00
  -1.6749818e+00
  -1.6994536e+00
  -1.7238230e+00
  -1.7481922e+00
  -1.7724080e+00
  -1.7963676e+00
  -1.8201227e+00
  -1.8437753e+00
  -1.8671207e+00
  -1.8902614e+00
  -1.9132997e+00
  -1.9361844e+00
  -1.9590179e+00
  -1.9817489e+00
  -2.0043263e+00
  -2.0266991e+00
  -2.0490205e+00
  -2.0710859e+00
  -2.0928955e+00
  -2.1146028e+00
  -2.1361563e+00
  -2.1576073e+00
  -2.1789048e+00
  -2.1998954e+00
  -2.2205784e+00
  -2.2411082e+00
  -2.2613816e+00
  -2.2815528e+00
  -2.3016732e+00
  -2.3214860e+00
  -2.3411453e+00
  -2.3605998e+00
  -2.3797472e+00
  -2.3988943e+00
  -2.4178882e+00
  -2.4365234e+00
  -2.4550054e+00
  -2.4733849e+00
  -2.4915085e+00
  -2.5094271e+00
  -2.5271409e+00
  -2.5447011e+00
  -2.5620565e+00
  -2.5792584e+00
  -2.5962555e+00
  -2.6130991e+00
  -2.6296868e+00
  -2.6460183e+00
  -2.6621451e+00
  -2.6781182e+00
  -2.6937842e+00
  -2.7092454e+00
  -2.7245531e+00
  -2.7397583e+00
  -2.7545028e+00
  -2.7691448e+00
  -2.7836845e+00
  -2.7979681e+00
  -2.8119957e+00
  -2.8258185e+00
  -2.8393857e+00
  -2.8527477e+00
  -2.8657002e+00
  -2.8785505e+00
  -2.8910937e+00
  -2.9033294e+00
  -2.9150021e+00
  -2.9264188e+00
  -2.9375284e+00
  -2.9482796e+00
  -2.9589283e+00
  -2.9694238e+00
  -2.9796627e+00
  -2.9895949e+00
  -2.9991171e+00
  -3.0083325e+00
  -3.0171895e+00
  -3.0259442e+00
  -3.0342379e+00
  -3.0422754e+00
  -3.0502110e+00
  -3.0577881e+00
  -3.0650065e+00
  -3.0719180e+00
  -3.0785224e+00
  -3.0848706e+00
  -3.0909629e+00
  -3.0967479e+00
  -3.1022260e+00
  -3.1073458e+00
  -3.1119535e+00
  -3.1161513e+00
  -3.1200423e+00
  -3.1236260e+00
  -3.1270559e+00
  -3.1300764e+00
  -3.1326876e+00
  -3.1348376e+00
  -3.1367319e+00
  -3.1381655e+00
  -3.1393430e+00
  -3.1402135e+00
  -3.1408279e+00
  -3.1410327e+00
  -3.1408792e+00
  -3.1406231e+00
  -3.1399062e+00
  -3.1386774e+00
  -3.1370392e+00
  -3.1351964e+00
  -3.1330462e+00
  -3.1306913e+00
  -3.1278756e+00
  -3.1245990e+00
  -3.1211176e+00
  -3.1173801e+00
  -3.1132331e+00
  -3.1089327e+00
  -3.1043251e+00
  -3.0992565e+00
  -3.0937784e+00
  -3.0880444e+00
  -3.0819523e+00
  -3.0756552e+00
  -3.0691020e+00
  -3.0622931e+00
  -3.0551255e+00
  -3.0474973e+00
  -3.0394595e+00
  -3.0313194e+00
  -3.0228722e+00
  -3.0140665e+00
  -3.0051072e+00
  -2.9960454e+00
  -2.9865742e+00
  -2.9767957e+00
  -2.9668636e+00
  -2.9566755e+00
  -2.9460778e+00
  -2.9351733e+00
  -2.9239097e+00
  -2.9125443e+00
  -2.9009740e+00
  -2.8891478e+00
  -2.8771679e+00
  -2.8649321e+00
  -2.8523891e+00
  -2.8395903e+00
  -2.8265865e+00
  -2.8131733e+00
  -2.7997086e+00
  -2.7860904e+00
  -2.7722673e+00
  -2.7581882e+00
  -2.7437510e+00
  -2.7290578e+00
  -2.7141597e+00
  -2.6989548e+00
  -2.6834934e+00
  -2.6677761e+00
  -2.6518538e+00
  -2.6357272e+00
  -2.6193445e+00
  -2.6026034e+00
  -2.5855553e+00
  -2.5683534e+00
  -2.5509977e+00
  -2.5334377e+00
  -2.5155704e+00
  -2.4975493e+00
  -2.4792209e+00
  -2.4608414e+00
  -2.4421549e+00
  -2.4231613e+00
  -2.4039114e+00
  -2.3845592e+00
  -2.3651557e+00
  -2.3454449e+00
  -2.3257349e+00
  -2.3057685e+00
  -2.2856488e+00
  -2.2653751e+00
  -2.2449992e+00
  -2.2244186e+00
  -2.2033770e+00
  -2.1821306e+00
  -2.1607819e+00
  -2.1394329e+00
  -2.1178796e+00
  -2.0960186e+00
  -2.0739529e+00
  -2.0517852e+00
  -2.0295658e+00
  -2.0071931e+00
  -1.9845643e+00
  -1.9617308e+00
  -1.9387438e+00
  -1.9157567e+00
  -1.8927697e+00
  -1.8694755e+00
  -1.8460790e+00
  -1.8225801e+00
  -1.7989788e+00
  -1.7750190e+00
  -1.7510592e+00
  -1.7271507e+00
  -1.7033956e+00
  -1.6795381e+00
  -1.6554759e+00
  -1.6313114e+00
  -1.6071981e+00
  -1.5828799e+00
  -1.5584081e+00
  -1.5339878e+00
  -1.5095161e+00
  -1.4848397e+00
  -1.4601119e+00
  -1.4355377e+00
  -1.4109124e+00
  -1.3862360e+00
  -1.3615083e+00
  -1.3366269e+00
  -1.3118479e+00
  -1.2870179e+00
  -1.2623928e+00
  -1.2378186e+00
  -1.2133468e+00
  -1.1890285e+00
  -1.1648127e+00
  -1.1404946e+00
  -1.1161765e+00
  -1.0918583e+00
  -1.0675402e+00
  -1.0433245e+00
  -1.0193648e+00
  -9.9540514e-01
  -9.7149658e-01
  -9.4753689e-01
  -9.2383313e-01
  -9.0028292e-01
  -8.7693751e-01
  -8.5369444e-01
  -8.3070743e-01
  -8.0792522e-01
  -7.8519410e-01
  -7.6251429e-01
  -7.3973209e-01
  -7.1725702e-01
  -6.9508904e-01
  -6.7317718e-01
  -6.5131640e-01
  -6.2966049e-01
  -6.0815817e-01
  -5.8691180e-01
  -5.6592143e-01
  -5.4513580e-01
  -5.2460617e-01
  -5.0412768e-01
  -4.8380283e-01
  -4.6368280e-01
  -4.4376755e-01
  -4.2400587e-01
  -4.0450016e-01
  -3.8535285e-01
  -3.6630788e-01
  -3.4751892e-01
  -3.2908833e-01
  -3.1091371e-01
  -2.9304627e-01
  -2.7543485e-01
  -2.5802821e-01
  -2.4082628e-01
  -2.2388043e-01
  -2.0713930e-01
  -1.9075653e-01
  -1.7452735e-01
  -1.5840062e-01
  -1.4252985e-01
  -1.2701744e-01
  -1.1170983e-01
  -9.6658163e-02
  -8.1811316e-02
  -6.7425244e-02
  -5.3141549e-02
  -3.8960215e-02
  -2.4778897e-02
  -1.0802384e-02
   2.7133678e-03
   1.6075552e-02
   2.9386535e-02
   4.2390332e-02
   5.5086955e-02
   6.7578800e-02
   7.9814665e-02
   9.1743357e-02
   1.0351846e-01
   1.1524236e-01
   1.2676148e-01
   1.3792221e-01
   1.4872457e-01
   1.5916857e-01
   1.6945899e-01
   1.7959580e-01
   1.8973263e-01
   1.9976705e-01
   2.0959669e-01
   2.1927275e-01
   2.2874402e-01
   2.3811288e-01
   2.4727698e-01
   2.5618508e-01
   2.6478603e-01
   2.7313098e-01
   2.8137353e-01
   2.8951371e-01
   2.9734671e-01
   3.0492371e-01
   3.1239837e-01
   3.1966820e-01
   3.2688683e-01
   3.3395189e-01
   3.4096575e-01
   3.4777483e-01
   3.5443035e-01
   3.6088106e-01
   3.6687100e-01
   3.7270737e-01
   3.7854370e-01
   3.8417527e-01
   3.8975564e-01
   3.9533600e-01
   4.0066037e-01
   4.0583116e-01
   4.1089955e-01
   4.1596794e-01
   4.2103636e-01
   4.2590001e-01
   4.3055886e-01
   4.3511531e-01
   4.3962055e-01
   4.4412583e-01
   4.4842634e-01
   4.5257321e-01
   4.5631051e-01
   4.6004784e-01
   4.6393874e-01
   4.6782964e-01
   4.7161818e-01
   4.7535551e-01
   4.7899044e-01
   4.8247176e-01
   4.8585072e-01
   4.8907608e-01
   4.9219906e-01
   4.9532205e-01
   4.9839377e-01
   5.0146556e-01
   5.0438368e-01
   5.0725073e-01
   5.0996411e-01
   5.1262629e-01
   5.1533967e-01
   5.1789945e-01
   5.2035689e-01
   5.2276307e-01
   5.2506685e-01
   5.2747297e-01
   5.2972561e-01
   5.3172225e-01
   5.3361660e-01
   5.3551090e-01
   5.3740513e-01
   5.3940183e-01
   5.4129606e-01
   5.4308790e-01
   5.4467493e-01
   5.4615957e-01
   5.4764420e-01
   5.4923129e-01
   5.5092078e-01
   5.5266142e-01
   5.5435091e-01
   5.5593801e-01
   5.5737150e-01
   5.5875385e-01
   5.6018734e-01
   5.6151843e-01
   5.6274712e-01
   5.6397587e-01
   5.6515342e-01
   5.6638211e-01
   5.6771320e-01
   5.6904429e-01
   5.7027298e-01
   5.7145053e-01
   5.7257682e-01
   5.7375437e-01
   5.7493186e-01
   5.7616061e-01
   5.7744050e-01
   5.7866925e-01
   5.7984674e-01
   5.8112669e-01
   5.8225298e-01
   5.8337927e-01
   5.8455682e-01
   5.8558077e-01
   5.8655351e-01
   5.8752620e-01
   5.8849901e-01
   5.8957410e-01
   5.9054685e-01
   5.9141713e-01
   5.9218508e-01
   5.9300423e-01
   5.9382331e-01
   5.9464246e-01
   5.9546161e-01
   5.9622955e-01
   5.9689510e-01
   5.9766304e-01
   5.9843099e-01
   5.9914768e-01
   5.9976202e-01
   6.0017157e-01
   6.0058111e-01
   6.0099065e-01
   6.0145140e-01
   6.0186094e-01
   6.0221934e-01
   6.0262889e-01
   6.0278255e-01
   6.0308975e-01
   6.0319215e-01
   6.0324335e-01
   6.0329461e-01
   6.0344821e-01
   6.0344821e-01
   6.0339701e-01
   6.0324347e-01
   6.0308987e-01
   6.0293633e-01
   6.0268039e-01
   6.0227078e-01
   6.0181004e-01
   6.0119563e-01
   6.0068369e-01
   6.0001808e-01
   5.9935254e-01
   5.9868699e-01
   5.9797019e-01
   5.9720218e-01
   5.9643424e-01
   5.9556395e-01
   5.9454000e-01
   5.9341371e-01
   5.9228742e-01
   5.9121227e-01
   5.9013718e-01
   5.8895969e-01
   5.8762854e-01
   5.8614385e-01
   5.8455670e-01
   5.8307195e-01
   5.8143371e-01
   5.7974422e-01
   5.7800353e-01
   5.7626295e-01
   5.7452232e-01
   5.7273042e-01
   5.7073385e-01
   5.6863481e-01
   5.6648457e-01
   5.6433439e-01
   5.6223536e-01
   5.6008518e-01
   5.5798608e-01
   5.5583578e-01
   5.5348074e-01
   5.5102330e-01
   5.4861706e-01
   5.4595482e-01
   5.4339504e-01
   5.4093760e-01
   5.3842896e-01
   5.3592038e-01
   5.3351414e-01
   5.3105670e-01
   5.2849692e-01
   5.2588600e-01
   5.2332616e-01
   5.2091998e-01
   5.1846260e-01
   5.1580048e-01
   5.1318949e-01
   5.1052731e-01
   5.0791633e-01
   5.0535649e-01
   5.0279665e-01
   5.0008327e-01
   4.9736989e-01
   4.9486127e-01
   4.9245507e-01
   4.9015126e-01
   4.8779622e-01
   4.8533884e-01
   4.8283023e-01
   4.8032165e-01
   4.7796661e-01
   4.7566280e-01
   4.7351256e-01
   4.7115755e-01
   4.6890491e-01
   4.6675467e-01
   4.6465561e-01
   4.6245417e-01
   4.6045753e-01
   4.5866570e-01
   4.5697623e-01
   4.5513317e-01
   4.5329010e-01
   4.5154944e-01
   4.4980878e-01
   4.4806805e-01
   4.4658339e-01
   4.4504750e-01
   4.4361401e-01
   4.4233409e-01
   4.4090059e-01
   4.3941593e-01
   4.3798244e-01
   4.3654895e-01
   4.3521786e-01
   4.3409151e-01
   4.3311879e-01
   4.3209487e-01
   4.3107092e-01
   4.2989340e-01
   4.2881829e-01
   4.2784557e-01
   4.2702642e-01
   4.2636091e-01
   4.2554179e-01
   4.2487624e-01
   4.2441544e-01
   4.2400587e-01
   4.2349389e-01
   4.2287955e-01
   4.2221403e-01
   4.2159966e-01
   4.2108768e-01
   4.2057574e-01
   4.2021734e-01
   4.1980779e-01
   4.1944942e-01
   4.1919345e-01
   4.1888627e-01
   4.1868150e-01
   4.1863030e-01
   4.1852793e-01
   4.1842553e-01
   4.1832313e-01
   4.1827196e-01
   4.1816956e-01
   4.1811836e-01
   4.1801596e-01
   4.1786236e-01
   4.1781116e-01
   4.1791356e-01
   4.1816950e-01
   4.1837430e-01
   4.1857907e-01
   4.1883501e-01
   4.1914216e-01
   4.1950053e-01
   4.1980770e-01
   4.2016611e-01
   4.2052451e-01
   4.2098525e-01
   4.2144603e-01
   4.2206040e-01
   4.2257234e-01
   4.2298192e-01
   4.2344266e-01
   4.2410824e-01
   4.2482495e-01
   4.2554170e-01
   4.2615604e-01
   4.2682156e-01
   4.2758948e-01
   4.2851099e-01
   4.2927894e-01
   4.2994446e-01
   4.3061000e-01
   4.3142915e-01
   4.3219709e-01
   4.3276024e-01
   4.3332341e-01
   4.3398896e-01
   4.3475688e-01
   4.3537125e-01
   4.3593439e-01
   4.3654874e-01
   4.3711188e-01
   4.3762383e-01
   4.3813583e-01
   4.3854541e-01
   4.3900621e-01
   4.3941578e-01
   4.3982536e-01
   4.4018373e-01
   4.4049090e-01
   4.4079807e-01
   4.4110525e-01
   4.4136125e-01
   4.4146365e-01
   4.4166845e-01
   4.4182202e-01
   4.4182199e-01
   4.4166842e-01
   4.4131008e-01
   4.4110531e-01
   4.4084933e-01
   4.4054216e-01
   4.4008139e-01
   4.3951824e-01
   4.3895510e-01
   4.3839195e-01
   4.3772641e-01
   4.3685606e-01
   4.3603694e-01
   4.3501303e-01
   4.3393791e-01
   4.3265802e-01
   4.3122455e-01
   4.2973989e-01
   4.2815283e-01
   4.2625856e-01
   4.2421073e-01
   4.2216289e-01
   4.1996148e-01
   4.1765761e-01
   4.1535378e-01
   4.1299877e-01
   4.1059256e-01
   4.0798154e-01
   4.0511459e-01
   4.0204281e-01
   3.9871508e-01
   3.9538735e-01
   3.9211079e-01
   3.8862944e-01
   3.8489214e-01
   3.8105243e-01
   3.7716153e-01
   3.7306586e-01
   3.6876535e-01
   3.6436251e-01
   3.5980603e-01
   3.5499358e-01
   3.5002759e-01
   3.4501034e-01
   3.3983955e-01
   3.3451515e-01
   3.2898596e-01
   3.2320079e-01
   3.1731322e-01
   3.1127208e-01
   3.0507737e-01
   2.9878026e-01
   2.9238078e-01
   2.8582770e-01
   2.7917218e-01
   2.7231193e-01
   2.6519564e-01
   2.5792581e-01
   2.5050238e-01
   2.4292538e-01
   2.3514356e-01
   2.2736174e-01
   2.1963114e-01
   2.1190055e-01
   2.0391396e-01
   1.9562018e-01
   1.8732642e-01
   1.7893027e-01
   1.7058529e-01
   1.6213796e-01
   1.5353701e-01
   1.4488487e-01
   1.3618155e-01
   1.2737581e-01
   1.1836532e-01
   1.0925243e-01
   1.0024191e-01
   9.1077827e-02
   8.1760131e-02
   7.2493613e-02
   6.3124739e-02
   5.3807054e-02
   4.4284590e-02
   3.4762118e-02
   2.5086055e-02
   1.5307604e-02
   5.4267673e-03
  -4.3516848e-03
  -1.4232524e-02
  -2.4062181e-02
  -3.3840634e-02
  -4.3823857e-02
  -5.3807076e-02
  -6.3790314e-02
  -7.3671147e-02
  -8.3449602e-02
  -9.3330443e-02
  -1.0326248e-01
  -1.1309212e-01
  -1.2287057e-01
  -1.3259782e-01
  -1.4237626e-01
  -1.5215471e-01
  -1.6203555e-01
  -1.7207000e-01
  -1.8215564e-01
  -1.9213888e-01
  -2.0201972e-01
  -2.1179816e-01
  -2.2157660e-01
  -2.3150864e-01
  -2.4164546e-01
  -2.5152630e-01
  -2.6135594e-01
  -2.7123678e-01
  -2.8121999e-01
  -2.9120326e-01
  -3.0118650e-01
  -3.1111851e-01
  -3.2089695e-01
  -3.3067542e-01
  -3.4045386e-01
  -3.5007870e-01
  -3.5960117e-01
  -3.6932841e-01
  -3.7905565e-01
  -3.8857812e-01
  -3.9815181e-01
  -4.0772545e-01
  -4.1729912e-01
  -4.2677039e-01
  -4.3608809e-01
  -4.4540578e-01
  -4.5482585e-01
  -4.6409231e-01
  -4.7315401e-01
  -4.8206213e-01
  -4.9102142e-01
  -5.0008309e-01
  -5.0904244e-01
  -5.1795053e-01
  -5.2685869e-01
  -5.3592038e-01
  -5.4498208e-01
  -5.5363417e-01
  -5.6223512e-01
  -5.7078481e-01
  -5.7943696e-01
  -5.8793551e-01
  -5.9648526e-01
  -6.0498381e-01
  -6.1343122e-01
  -6.2192971e-01
  -6.3027465e-01
  -6.3851720e-01
  -6.4665741e-01
  -6.5474635e-01
  -6.6268176e-01
  -6.7061716e-01
  -6.7845011e-01
  -6.8607831e-01
  -6.9360417e-01
  -7.0118117e-01
  -7.0886064e-01
  -7.1638650e-01
  -7.2360516e-01
  -7.3067021e-01
  -7.3758167e-01
  -7.4428838e-01
  -7.5084144e-01
  -7.5734335e-01
  -7.6384526e-01
  -7.7024478e-01
  -7.7664435e-01
  -7.8304380e-01
  -7.8928977e-01
  -7.9533094e-01
  -8.0121845e-01
  -8.0700368e-01
  -8.1273770e-01
  -8.1821567e-01
  -8.2359129e-01
  -8.2886451e-01
  -8.3393294e-01
  -8.3879656e-01
  -8.4355783e-01
  -8.4821671e-01
  -8.5277319e-01
  -8.5717607e-01
  -8.6142528e-01
  -8.6541861e-01
  -8.6930948e-01
  -8.7299556e-01
  -8.7657928e-01
  -8.7990695e-01
  -8.8313228e-01
  -8.8615292e-01
  -8.8896865e-01
  -8.9168209e-01
  -8.9424187e-01
  -8.9639211e-01
  -8.9833754e-01
  -9.0028298e-01
  -9.0192121e-01
  -9.0330356e-01
  -9.0453225e-01
  -9.0535140e-01
  -9.0596575e-01
  -9.0652883e-01
  -9.0709198e-01
  -9.0745038e-01
  -9.0750158e-01
  -9.0739924e-01
  -9.0724564e-01
  -9.0698963e-01
  -9.0632409e-01
  -9.0535140e-01
  -9.0412271e-01
  -9.0284282e-01
  -9.0115333e-01
  -8.9931023e-01
  -8.9731359e-01
  -8.9500970e-01
  -8.9265472e-01
  -8.9014614e-01
  -8.8743275e-01
  -8.8436097e-01
  -8.8103324e-01
  -8.7739831e-01
  -8.7360978e-01
  -8.6966771e-01
  -8.6541843e-01
  -8.6096442e-01
  -8.5625440e-01
  -8.5154432e-01
  -8.4647584e-01
  -8.4125382e-01
  -8.3567345e-01
  -8.2983708e-01
  -8.2405192e-01
  -8.1811315e-01
  -8.1191844e-01
  -8.0541652e-01
  -7.9860747e-01
  -7.9174715e-01
  -7.8488696e-01
  -7.7782190e-01
  -7.7070558e-01
  -7.6338446e-01
  -7.5575632e-01
  -7.4771851e-01
  -7.3952705e-01
  -7.3107970e-01
  -7.2252995e-01
  -7.1387786e-01
  -7.0522577e-01
  -6.9636881e-01
  -6.8720472e-01
  -6.7778462e-01
  -6.6831332e-01
  -6.5889329e-01
  -6.4921725e-01
  -6.3933641e-01
  -6.2940443e-01
  -6.1926758e-01
  -6.0882360e-01
  -5.9822601e-01
  -5.8747482e-01
  -5.7657015e-01
  -5.6556302e-01
  -5.5460703e-01
  -5.4359990e-01
  -5.3238797e-01
  -5.2097124e-01
  -5.0940090e-01
  -4.9772814e-01
  -4.8600423e-01
  -4.7417796e-01
  -4.6235165e-01
  -4.5057657e-01
  -4.3890387e-01
  -4.2692399e-01
  -4.1473934e-01
  -4.0245229e-01
  -3.9026761e-01
  -3.7813416e-01
  -3.6584711e-01
  -3.5340649e-01
  -3.4086344e-01
  -3.2842276e-01
  -3.1593093e-01
  -3.0333668e-01
  -2.9064009e-01
  -2.7784106e-01
  -2.6509324e-01
  -2.5224307e-01
  -2.3929045e-01
  -2.2623545e-01
  -2.1338525e-01
  -2.0043257e-01
  -1.8727520e-01
  -1.7396420e-01
  -1.6070443e-01
  -1.4734225e-01
  -1.3403128e-01
  -1.2082271e-01
  -1.0776769e-01
  -9.4712690e-02
  -8.1555299e-02
  -6.8397895e-02
  -5.5240512e-02
  -4.2134311e-02
  -2.8925724e-02
  -1.5512358e-02
  -2.2525999e-03
   1.0853553e-02
   2.3857344e-02
   3.6861151e-02
   5.0018542e-02
   6.3329518e-02
   7.6589309e-02
   9.0053879e-02
   1.0346725e-01
   1.1688061e-01
   1.3029398e-01
   1.4360496e-01
   1.5691595e-01
   1.7012453e-01
   1.8333311e-01
   1.9643931e-01
   2.0949431e-01
   2.2260049e-01
   2.3565550e-01
   2.4876170e-01
   2.6191908e-01
   2.7502528e-01
   2.8808030e-01
   3.0108410e-01
   3.1413913e-01
   3.2739890e-01
   3.4065866e-01
   3.5386726e-01
   3.6707583e-01
   3.8028443e-01
   3.9318582e-01
   4.0593368e-01
   4.1878390e-01
   4.3158293e-01
   4.4438192e-01
   4.5728335e-01
   4.7033834e-01
   4.8344451e-01
   4.9634594e-01
   5.0914496e-01
   5.2179039e-01
   5.3453821e-01
   5.4728603e-01
   5.5998260e-01
   5.7262802e-01
   5.8532465e-01
   5.9786773e-01
   6.1010355e-01
   6.2228823e-01
   6.3467765e-01
   6.4701593e-01
   6.5920061e-01
   6.7143643e-01
   6.8351871e-01
   6.9565219e-01
   7.0768332e-01
   7.1976554e-01
   7.3159182e-01
   7.4326450e-01
   7.5473237e-01
   7.6609790e-01
   7.7746344e-01
   7.8872657e-01
   7.9993850e-01
   8.1099695e-01
   8.2179928e-01
   8.3239686e-01
   8.4304571e-01
   8.5354084e-01
   8.6403602e-01
   8.7442881e-01
   8.8471919e-01
   8.9475358e-01
   9.0463442e-01
   9.1446406e-01
   9.2439610e-01
   9.3412340e-01
   9.4354343e-01
   9.5255393e-01
   9.6156448e-01
   9.7057498e-01
   9.7932953e-01
   9.8798162e-01
   9.9648017e-01
   1.0046716e+00
   1.0128117e+00
   1.0206958e+00
   1.0284264e+00
   1.0360546e+00
   1.0434781e+00
   1.0506967e+00
   1.0576082e+00
   1.0644174e+00
   1.0710217e+00
   1.0775748e+00
   1.0839232e+00
   1.0899644e+00
   1.0958520e+00
   1.1015859e+00
   1.1071663e+00
   1.1125931e+00
   1.1177126e+00
   1.1225762e+00
   1.1273375e+00
   1.1317915e+00
   1.1359382e+00
   1.1398802e+00
   1.1435150e+00
   1.1468940e+00
   1.1501706e+00
   1.1532423e+00
   1.1559045e+00
   1.1584643e+00
   1.1607683e+00
   1.1627650e+00
   1.1645570e+00
   1.1661441e+00
   1.1675776e+00
   1.1688577e+00
   1.1700352e+00
   1.1710079e+00
   1.1715711e+00
   1.1720830e+00
   1.1723388e+00
   1.1724412e+00
   1.1722876e+00
   1.1720316e+00
   1.1713661e+00
   1.1702909e+00
   1.1690621e+00
   1.1677822e+00
   1.1663487e+00
   1.1647617e+00
   1.1630210e+00
   1.1610755e+00
   1.1588229e+00
   1.1565703e+00
   1.1542153e+00
   1.1516043e+00
   1.1487374e+00
   1.1456145e+00
   1.1423892e+00
   1.1390102e+00
   1.1354777e+00
   1.1318427e+00
   1.1279519e+00
   1.1239074e+00
   1.1196069e+00
   1.1151528e+00
   1.1105963e+00
   1.1060910e+00
   1.1015857e+00
   1.0968758e+00
   1.0920123e+00
   1.0867391e+00
   1.0813123e+00
   1.0757320e+00
   1.0701005e+00
   1.0642642e+00
   1.0582741e+00
   1.0521818e+00
   1.0459870e+00
   1.0395875e+00
   1.0332391e+00
   1.0264813e+00
   1.0195698e+00
   1.0124536e+00
   1.0051838e+00
   9.9786264e-01
   9.9059284e-01
   9.8316944e-01
   9.7559237e-01
   9.6791285e-01
   9.5987511e-01
   9.5168376e-01
   9.4349241e-01
   9.3519866e-01
   9.2675126e-01
   9.1830391e-01
   9.0954936e-01
   9.0074360e-01
   8.9183545e-01
   8.8272256e-01
   8.7350732e-01
   8.6408722e-01
   8.5466707e-01
   8.4519583e-01
   8.3551979e-01
   8.2563895e-01
   8.1575799e-01
   8.0597955e-01
   7.9599631e-01
   7.8585947e-01
   7.7562034e-01
   7.6512516e-01
   7.5442517e-01
   7.4367398e-01
   7.3287165e-01
   7.2186452e-01
   7.1055019e-01
   6.9918460e-01
   6.8756312e-01
   6.7589039e-01
   6.6411531e-01
   6.5218669e-01
   6.4025801e-01
   6.2832928e-01
   6.1629826e-01
   6.0406238e-01
   5.9162176e-01
   5.7902753e-01
   5.6633091e-01
   5.5337834e-01
   5.4037452e-01
   5.2737075e-01
   5.1426452e-01
   5.0100470e-01
   4.8774496e-01
   4.7433156e-01
   4.6091822e-01
   4.4745362e-01
   4.3373308e-01
   4.1980776e-01
   4.0583122e-01
   3.9185467e-01
   3.7767339e-01
   3.6349210e-01
   3.4905481e-01
   3.3441272e-01
   3.1946343e-01
   3.0446297e-01
   2.8951374e-01
   2.7441093e-01
   2.5920570e-01
   2.4400045e-01
   2.2869283e-01
   2.1333401e-01
   1.9792396e-01
   1.8236032e-01
   1.6689914e-01
   1.5123321e-01
   1.3541362e-01
   1.1944046e-01
   1.0356966e-01
   8.7545291e-02
   7.1367338e-02
   5.5189382e-02
   3.8857844e-02
   2.2423910e-02
   5.8875834e-03
  -1.0853522e-02
  -2.7645834e-02
  -4.4284552e-02
  -6.0923271e-02
  -7.7664405e-02
  -9.4456725e-02
  -1.1135142e-01
  -1.2845092e-01
  -1.4555040e-01
  -1.6270110e-01
  -1.7995417e-01
  -1.9730964e-01
  -2.1461391e-01
  -2.3181580e-01
  -2.4906887e-01
  -2.6642436e-01
  -2.8383103e-01
  -3.0113530e-01
  -3.1854197e-01
  -3.3620462e-01
  -3.5381606e-01
  -3.7147874e-01
  -3.8909018e-01
  -4.0675282e-01
  -4.2446667e-01
  -4.4228292e-01
  -4.6009916e-01
  -4.7776181e-01
  -4.9527088e-01
  -5.1283115e-01
  -5.3023779e-01
  -5.4774684e-01
  -5.6525588e-01
  -5.8266252e-01
  -6.0017157e-01
  -6.1747587e-01
  -6.3467777e-01
  -6.5187961e-01
  -6.6913265e-01
  -6.8659055e-01
  -7.0399719e-01
  -7.2125030e-01
  -7.3834974e-01
  -7.5560284e-01
  -7.7285594e-01
  -7.9010898e-01
  -8.0736208e-01
  -8.2461512e-01
  -8.4197056e-01
  -8.5932606e-01
  -8.7642556e-01
  -8.9337146e-01
  -9.1026616e-01
  -9.2700726e-01
  -9.4364595e-01
  -9.6028471e-01
  -9.7671866e-01
  -9.9299908e-01
  -1.0092282e+00
  -1.0254573e+00
  -1.0416353e+00
  -1.0576596e+00
  -1.0735816e+00
  -1.0894011e+00
  -1.1051184e+00
  -1.1207842e+00
  -1.1363989e+00
  -1.1518090e+00
  -1.1672702e+00
  -1.1826291e+00
  -1.1978854e+00
  -1.2130907e+00
  -1.2280911e+00
  -1.2429379e+00
  -1.2575288e+00
  -1.2720686e+00
  -1.2865058e+00
  -1.3008409e+00
  -1.3147662e+00
  -1.3284355e+00
  -1.3419514e+00
  -1.3555695e+00
  -1.3691365e+00
  -1.3826523e+00
  -1.3959632e+00
  -1.4091206e+00
  -1.4220732e+00
  -1.4346675e+00
  -1.4472617e+00
  -1.4596000e+00
  -1.4717846e+00
  -1.4839181e+00
  -1.4958980e+00
  -1.5076731e+00
  -1.5190899e+00
  -1.5303531e+00
  -1.5414628e+00
  -1.5524700e+00
  -1.5632211e+00
  -1.5739211e+00
  -1.5842115e+00
  -1.5942971e+00
  -1.6041780e+00
  -1.6138029e+00
  -1.6231717e+00
  -1.6322844e+00
  -1.6413461e+00
  -1.6503567e+00
  -1.6590089e+00
  -1.6675075e+00
  -1.6756989e+00
  -1.6837367e+00
  -1.6915185e+00
  -1.6990443e+00
  -1.7065190e+00
  -1.7137376e+00
  -1.7205979e+00
  -1.7272021e+00
  -1.7333455e+00
  -1.7393354e+00
  -1.7450694e+00
  -1.7508032e+00
  -1.7561789e+00
  -1.7614009e+00
  -1.7662134e+00
  -1.7707698e+00
  -1.7748144e+00
  -1.7786541e+00
  -1.7823402e+00
  -1.7857190e+00
  -1.7888421e+00
  -1.7917602e+00
  -1.7945248e+00
  -1.7969822e+00
  -1.7991323e+00
  -1.8010266e+00
  -1.8026649e+00
  -1.8039958e+00
  -1.8049686e+00
  -1.8056853e+00
  -1.8061461e+00
  -1.8062998e+00
  -1.8062485e+00
  -1.8057877e+00
  -1.8049685e+00
  -1.8037398e+00
  -1.8022550e+00
  -1.8005142e+00
  -1.7984153e+00
  -1.7960601e+00
  -1.7935002e+00
  -1.7907355e+00
  -1.7876639e+00
  -1.7842849e+00
  -1.7805988e+00
  -1.7764521e+00
  -1.7719980e+00
  -1.7673905e+00
  -1.7625269e+00
  -1.7574073e+00
  -1.7517757e+00
  -1.7457858e+00
  -1.7394375e+00
  -1.7329355e+00
  -1.7260240e+00
  -1.7188567e+00
  -1.7114843e+00
  -1.7036513e+00
  -1.6956135e+00
  -1.6872175e+00
  -1.6783607e+00
  -1.6691966e+00
  -1.6599302e+00
  -1.6506125e+00
  -1.6408852e+00
  -1.6310043e+00
  -1.6206627e+00
  -1.6098602e+00
  -1.5986483e+00
  -1.5873340e+00
  -1.5758150e+00
  -1.5640399e+00
  -1.5519577e+00
  -1.5395683e+00
  -1.5269228e+00
  -1.5139190e+00
  -1.5005057e+00
  -1.4869899e+00
  -1.4730644e+00
  -1.4590367e+00
  -1.4447019e+00
  -1.4301109e+00
  -1.4152130e+00
  -1.4000076e+00
  -1.3845978e+00
  -1.3689318e+00
  -1.3530610e+00
  -1.3369343e+00
  -1.3205004e+00
  -1.3038616e+00
  -1.2868645e+00
  -1.2697139e+00
  -1.2523583e+00
  -1.2349006e+00
  -1.2170843e+00
  -1.1991146e+00
  -1.1808888e+00
  -1.1624582e+00
  -1.1439763e+00
  -1.1251363e+00
  -1.1060914e+00
  -1.0868416e+00
  -1.0674895e+00
  -1.0479324e+00
  -1.0281707e+00
  -1.0083578e+00
  -9.8828894e-01
  -9.6796411e-01
  -9.4753689e-01
  -9.2690486e-01
  -9.0606809e-01
  -8.8512892e-01
  -8.6408728e-01
  -8.4304571e-01
  -8.2210654e-01
  -8.0101383e-01
  -7.7971619e-01
  -7.5826514e-01
  -7.3666030e-01
  -7.1485078e-01
  -6.9283652e-01
  -6.7071980e-01
  -6.4860308e-01
  -6.2628162e-01
  -6.0396010e-01
  -5.8148503e-01
  -5.5895883e-01
  -5.3638130e-01
  -5.1365024e-01
  -4.9097040e-01
  -4.6818814e-01
  -4.4540590e-01
  -4.2252123e-01
  -3.9973897e-01
  -3.7680310e-01
  -3.5386723e-01
  -3.3093143e-01
  -3.0784196e-01
  -2.8470135e-01
  -2.6156074e-01
  -2.3847131e-01
  -2.1543306e-01
  -1.9224127e-01
  -1.6904944e-01
  -1.4565285e-01
  -1.2240980e-01
  -9.9217981e-02
  -7.6026157e-02
  -5.2783169e-02
  -2.9540073e-02
  -6.3482448e-03
   1.6792357e-02
   3.9830580e-02
   6.2817611e-02
   8.5855842e-02
   1.0868929e-01
   1.3162513e-01
   1.5445858e-01
   1.7724083e-01
   1.9981830e-01
   2.2224218e-01
   2.4451242e-01
   2.6683390e-01
   2.8915539e-01
   3.1127211e-01
   3.3333760e-01
   3.5530069e-01
   3.7726384e-01
   3.9897096e-01
   4.2047331e-01
   4.4197568e-01
   4.6347806e-01
   4.8492920e-01
   5.0612438e-01
   5.2711475e-01
   5.4810512e-01
   5.6899315e-01
   5.8972752e-01
   6.1020595e-01
   6.3063318e-01
   6.5085566e-01
   6.7082214e-01
   6.9063503e-01
   7.1034551e-01
   7.2995359e-01
   7.4935693e-01
   7.6850420e-01
   7.8749794e-01
   8.0623567e-01
   8.2471746e-01
   8.4314805e-01
   8.6137390e-01
   8.7954849e-01
   8.9762068e-01
   9.1533446e-01
   9.3294597e-01
   9.5040381e-01
   9.6786165e-01
   9.8501235e-01
   1.0017534e+00
   1.0182898e+00
   1.0346214e+00
   1.0506968e+00
   1.0665675e+00
   1.0820287e+00
   1.0974900e+00
   1.1127464e+00
   1.1276956e+00
   1.1423888e+00
   1.1569285e+00
   1.1713659e+00
   1.1855472e+00
   1.1995239e+00
   1.2131933e+00
   1.2267090e+00
   1.2400713e+00
   1.2530751e+00
   1.2658230e+00
   1.2781613e+00
   1.2904483e+00
   1.3025306e+00
   1.3143568e+00
   1.3259784e+00
   1.3373439e+00
   1.3485047e+00
   1.3593583e+00
   1.3699558e+00
   1.3802463e+00
   1.3901269e+00
   1.3999054e+00
   1.4094790e+00
   1.4188479e+00
   1.4279096e+00
   1.4366128e+00
   1.4450091e+00
   1.4532516e+00
   1.4610846e+00
   1.4687639e+00
   1.4761875e+00
   1.4834572e+00
   1.4905224e+00
   1.4972291e+00
   1.5036286e+00
   1.5098747e+00
   1.5157623e+00
   1.5212402e+00
   1.5264112e+00
   1.5315307e+00
   1.5363432e+00
   1.5407461e+00
   1.5446882e+00
   1.5483743e+00
   1.5519580e+00
   1.5552346e+00
   1.5581527e+00
   1.5608660e+00
   1.5634770e+00
   1.5658320e+00
   1.5677775e+00
   1.5694669e+00
   1.5709004e+00
   1.5720780e+00
   1.5728971e+00
   1.5735625e+00
   1.5739722e+00
   1.5739723e+00
   1.5737675e+00
   1.5733581e+00
   1.5726924e+00
   1.5717196e+00
   1.5704397e+00
   1.5688525e+00
   1.5670094e+00
   1.5650640e+00
   1.5627601e+00
   1.5601491e+00
   1.5573332e+00
   1.5542616e+00
   1.5510874e+00
   1.5476574e+00
   1.5439713e+00
   1.5400803e+00
   1.5359335e+00
   1.5315306e+00
   1.5266669e+00
   1.5215986e+00
   1.5163766e+00
   1.5111034e+00
   1.5056254e+00
   1.4998914e+00
   1.4939526e+00
   1.4878091e+00
   1.4814608e+00
   1.4749078e+00
   1.4680986e+00
   1.4610846e+00
   1.4537637e+00
   1.4464427e+00
   1.4388658e+00
   1.4310839e+00
   1.4231485e+00
   1.4150594e+00
   1.4067658e+00
   1.3981649e+00
   1.3893590e+00
   1.3804510e+00
   1.3714917e+00
   1.3625835e+00
   1.3533682e+00
   1.3438967e+00
   1.3341182e+00
   1.3242887e+00
   1.3142033e+00
   1.3041688e+00
   1.2940317e+00
   1.2838950e+00
   1.2736558e+00
   1.2633142e+00
   1.2527678e+00
   1.2420677e+00
   1.2311118e+00
   1.2201047e+00
   1.2088927e+00
   1.1976297e+00
   1.1862642e+00
   1.1748986e+00
   1.1633283e+00
   1.1517067e+00
   1.1401365e+00
   1.1286685e+00
   1.1168935e+00
   1.1049138e+00
   1.0928314e+00
   1.0808004e+00
   1.0687693e+00
   1.0565335e+00
   1.0441442e+00
   1.0316522e+00
   1.0191605e+00
   1.0066686e+00
   9.9392068e-01
   9.8117292e-01
   9.6832263e-01
   9.5542121e-01
   9.4251984e-01
   9.2961842e-01
   9.1661459e-01
   9.0345722e-01
   8.9035106e-01
   8.7714243e-01
   8.6378026e-01
   8.5046929e-01
   8.3710712e-01
   8.2359135e-01
   8.0992198e-01
   7.9609907e-01
   7.8227609e-01
   7.6850432e-01
   7.5478381e-01
   7.4116570e-01
   7.2734278e-01
   7.1346861e-01
   6.9959444e-01
   6.8577147e-01
   6.7189729e-01
   6.5792078e-01
   6.4373946e-01
   6.2955809e-01
   6.1547923e-01
   6.0134912e-01
   5.8716780e-01
   5.7288414e-01
   5.5849802e-01
   5.4411191e-01
   5.2972567e-01
   5.1549321e-01
   5.0115830e-01
   4.8682341e-01
   4.7264209e-01
   4.5830721e-01
   4.4392112e-01
   4.2953503e-01
   4.1530252e-01
   4.0117243e-01
   3.8699111e-01
   3.7265623e-01
   3.5821897e-01
   3.4388405e-01
   3.2965153e-01
   3.1567499e-01
   3.0174965e-01
   2.8797790e-01
   2.7405256e-01
   2.6007602e-01
   2.4609953e-01
   2.3222543e-01
   2.1824886e-01
   2.0422114e-01
   1.9024462e-01
   1.7647286e-01
   1.6275232e-01
   1.4908297e-01
   1.3546482e-01
   1.2194905e-01
   1.0843328e-01
   9.5173493e-02
   8.2016125e-02
   6.8961121e-02
   5.5854950e-02
   4.2851146e-02
   2.9949734e-02
   1.7201908e-02
   4.5052948e-03
  -8.2937256e-03
  -2.0939190e-02
  -3.3482220e-02
  -4.5871664e-02
  -5.8312330e-02
  -7.0650585e-02
  -8.2681663e-02
  -9.4661541e-02
  -1.0648783e-01
  -1.1821173e-01
  -1.2973085e-01
  -1.4119877e-01
  -1.5251309e-01
  -1.6362263e-01
  -1.7473216e-01
  -1.8558574e-01
  -1.9618332e-01
  -2.0667852e-01
  -2.1722493e-01
  -2.2746415e-01
  -2.3749860e-01
  -2.4743062e-01
  -2.5700429e-01
  -2.6657796e-01
  -2.7594683e-01
  -2.8531572e-01
  -2.9458222e-01
  -3.0374628e-01
  -3.1265438e-01
  -3.2130653e-01
  -3.2970268e-01
  -3.3799642e-01
  -3.4613660e-01
  -3.5417438e-01
  -3.6216095e-01
  -3.7004516e-01
  -3.7772459e-01
  -3.8509682e-01
  -3.9231548e-01
  -3.9938053e-01
  -4.0618962e-01
  -4.1279390e-01
  -4.1929582e-01
  -4.2564413e-01
  -4.3178767e-01
  -4.3757281e-01
  -4.4325557e-01
  -4.4888714e-01
  -4.5431390e-01
  -4.5968950e-01
  -4.6496266e-01
  -4.6992868e-01
  -4.7479230e-01
  -4.7939995e-01
  -4.8390520e-01
  -4.8825687e-01
  -4.9260855e-01
  -4.9685782e-01
  -5.0095350e-01
  -5.0494683e-01
  -5.0878656e-01
  -5.1257503e-01
  -5.1590276e-01
  -5.1892328e-01
  -5.2168787e-01
  -5.2440125e-01
  -5.2701229e-01
  -5.2941847e-01
  -5.3167105e-01
  -5.3366774e-01
  -5.3551078e-01
  -5.3730273e-01
  -5.3894103e-01
  -5.4063052e-01
  -5.4206407e-01
  -5.4324156e-01
  -5.4426545e-01
  -5.4528940e-01
  -5.4621083e-01
  -5.4677397e-01
  -5.4713237e-01
  -5.4738832e-01
  -5.4743958e-01
  -5.4733723e-01
  -5.4697883e-01
  -5.4662049e-01
  -5.4600620e-01
  -5.4534066e-01
  -5.4467505e-01
  -5.4385591e-01
  -5.4283196e-01
  -5.4165447e-01
  -5.4027212e-01
  -5.3878742e-01
  -5.3720039e-01
  -5.3556216e-01
  -5.3387272e-01
  -5.3172249e-01
  -5.2946979e-01
  -5.2701235e-01
  -5.2429897e-01
  -5.2173918e-01
  -5.1912820e-01
  -5.1646602e-01
  -5.1354784e-01
  -5.1032245e-01
  -5.0699472e-01
  -5.0351346e-01
  -5.0003213e-01
  -4.9639720e-01
  -4.9260870e-01
  -4.8866656e-01
  -4.8467326e-01
  -4.8062876e-01
  -4.7643068e-01
  -4.7218144e-01
  -4.6782973e-01
  -4.6337569e-01
  -4.5887041e-01
  -4.5426276e-01
  -4.4970629e-01
  -4.4494501e-01
  -4.3997899e-01
  -4.3501297e-01
  -4.2989334e-01
  -4.2482495e-01
  -4.1955176e-01
  -4.1417617e-01
  -4.0869823e-01
  -4.0311784e-01
  -3.9748627e-01
  -3.9159873e-01
  -3.8555759e-01
  -3.7931168e-01
  -3.7316814e-01
  -3.6697340e-01
  -3.6062512e-01
  -3.5427678e-01
  -3.4777486e-01
  -3.4111935e-01
  -3.3431029e-01
  -3.2760361e-01
  -3.2079458e-01
  -3.1408790e-01
  -3.0722761e-01
  -3.0026489e-01
  -2.9330221e-01
  -2.8618598e-01
  -2.7891615e-01
  -2.7164632e-01
  -2.6442769e-01
  -2.5720903e-01
  -2.4983679e-01
  -2.4241339e-01
  -2.3488757e-01
  -2.2731057e-01
  -2.1952876e-01
  -2.1174696e-01
  -2.0416994e-01
  -1.9659293e-01
  -1.8881112e-01
  -1.8097812e-01
  -1.7299153e-01
  -1.6490254e-01
  -1.5676236e-01
  -1.4872459e-01
  -1.4078921e-01
  -1.3259783e-01
  -1.2440646e-01
  -1.1626627e-01
  -1.0812610e-01
  -9.9832334e-02
  -9.1436192e-02
  -8.3142422e-02
  -7.4695088e-02
  -6.6145308e-02
  -5.7800356e-02
  -4.9455389e-02
  -4.1110422e-02
  -3.2867856e-02
  -2.4420509e-02
  -1.5768379e-02
  -7.1162470e-03
   1.4335074e-03
   9.9832499e-03
   1.8584190e-02
   2.7236313e-02
   3.5888452e-02
   4.4387005e-02
   5.2987944e-02
   6.1793674e-02
   7.0701793e-02
   7.9712294e-02
   8.8825196e-02
   9.7989291e-02
   1.0715339e-01
   1.1626629e-01
   1.2543038e-01
   1.3464567e-01
   1.4396335e-01
   1.5328102e-01
   1.6249630e-01
   1.7171159e-01
   1.8082450e-01
   1.9014220e-01
   1.9945988e-01
   2.0872638e-01
   2.1804407e-01
   2.2746415e-01
   2.3688424e-01
   2.4620192e-01
   2.5536603e-01
   2.6447892e-01
   2.7379662e-01
   2.8326789e-01
   2.9268795e-01
   3.0231285e-01
   3.1198892e-01
   3.2140899e-01
   3.3082908e-01
   3.4030032e-01
   3.4966922e-01
   3.5919169e-01
   3.6876535e-01
   3.7839019e-01
   3.8806626e-01
   3.9763993e-01
   4.0700880e-01
   4.1653126e-01
   4.2610493e-01
   4.3572980e-01
   4.4550824e-01
   4.5528671e-01
   4.6501395e-01
   4.7458762e-01
   4.8411006e-01
   4.9378613e-01
   5.0371814e-01
   5.1365024e-01
   5.2347988e-01
   5.3325832e-01
   5.4298556e-01
   5.5255920e-01
   5.6223524e-01
   5.7186007e-01
   5.8163851e-01
   5.9126335e-01
   6.0083705e-01
   6.1046189e-01
   6.2013793e-01
   6.2966037e-01
   6.3913167e-01
   6.4875656e-01
   6.5843266e-01
   6.6805750e-01
   6.7752880e-01
   6.8700004e-01
   6.9652253e-01
   7.0594257e-01
   7.1531147e-01
   7.2452676e-01
   7.3369086e-01
   7.4300855e-01
   7.5227499e-01
   7.6154149e-01
   7.7060312e-01
   7.7971601e-01
   7.8888011e-01
   7.9794180e-01
   8.0669630e-01
   8.1524605e-01
   8.2364225e-01
   8.3208960e-01
   8.4058821e-01
   8.4888202e-01
   8.5727817e-01
   8.6557198e-01
   8.7371212e-01
   8.8169867e-01
   8.8973641e-01
   8.9762056e-01
   9.0550476e-01
   9.1323537e-01
   9.2086357e-01
   9.2838937e-01
   9.3581283e-01
   9.4313383e-01
   9.5019889e-01
   9.5716155e-01
   9.6417546e-01
   9.7108692e-01
   9.7789603e-01
   9.8439795e-01
   9.9079746e-01
   9.9719691e-01
   1.0034940e+00
   1.0095352e+00
   1.0156275e+00
   1.0215150e+00
   1.0273002e+00
   1.0330853e+00
   1.0387682e+00
   1.0440925e+00
   1.0491610e+00
   1.0540246e+00
   1.0589395e+00
   1.0638031e+00
   1.0685133e+00
   1.0730696e+00
   1.0774724e+00
   1.0816194e+00
   1.0856127e+00
   1.0895548e+00
   1.0934457e+00
   1.0973366e+00
   1.1009717e+00
   1.1043506e+00
   1.1075760e+00
   1.1105965e+00
   1.1135147e+00
   1.1163816e+00
   1.1190951e+00
   1.1216549e+00
   1.1240609e+00
   1.1262622e+00
   1.1284124e+00
   1.1304601e+00
   1.1324055e+00
   1.1341975e+00
   1.1356821e+00
   1.1370132e+00
   1.1380371e+00
   1.1388050e+00
   1.1394707e+00
   1.1401362e+00
   1.1406995e+00
   1.1410067e+00
   1.1413651e+00
   1.1414673e+00
   1.1414675e+00
   1.1410067e+00
   1.1402389e+00
   1.1392148e+00
   1.1381396e+00
   1.1370132e+00
   1.1356821e+00
   1.1341975e+00
   1.1323545e+00
   1.1303579e+00
   1.1284124e+00
   1.1264157e+00
   1.1240608e+00
   1.1215010e+00
   1.1188899e+00
   1.1160231e+00
   1.1130537e+00
   1.1098795e+00
   1.1065516e+00
   1.1029168e+00
   1.0993332e+00
   1.0953912e+00
   1.0913978e+00
   1.0871997e+00
   1.0828481e+00
   1.0783941e+00
   1.0738376e+00
   1.0691787e+00
   1.0643663e+00
   1.0593492e+00
   1.0541784e+00
   1.0487515e+00
   1.0432734e+00
   1.0375395e+00
   1.0315496e+00
   1.0252525e+00
   1.0189041e+00
   1.0124023e+00
   1.0058494e+00
   9.9924499e-01
   9.9258941e-01
   9.8572910e-01
   9.7876638e-01
   9.7154766e-01
   9.6438020e-01
   9.5700800e-01
   9.4948214e-01
   9.4175154e-01
   9.3396974e-01
   9.2613679e-01
   9.1825259e-01
   9.1021484e-01
   9.0207464e-01
   8.9378089e-01
   8.8533354e-01
   8.7673259e-01
   8.6813170e-01
   8.5953069e-01
   8.5092974e-01
   8.4217525e-01
   8.3321601e-01
   8.2430786e-01
   8.1529731e-01
   8.0633801e-01
   7.9737866e-01
   7.8836817e-01
   7.7925521e-01
   7.6993757e-01
   7.6061994e-01
   7.5135338e-01
   7.4218929e-01
   7.3312753e-01
   7.2406584e-01
   7.1485060e-01
   7.0573783e-01
   6.9652253e-01
   6.8730730e-01
   6.7804086e-01
   6.6877437e-01
   6.5940547e-01
   6.5039492e-01
   6.4148682e-01
   6.3257867e-01
   6.2351704e-01
   6.1445540e-01
   6.0549611e-01
   5.9658802e-01
   5.8788466e-01
   5.7928371e-01
   5.7063162e-01
   5.6213301e-01
   5.5373681e-01
   5.4534066e-01
   5.3709805e-01
   5.2885532e-01
   5.2056164e-01
   5.1237029e-01
   5.0433248e-01
   4.9639705e-01
   4.8825690e-01
   4.8037270e-01
   4.7259092e-01
   4.6491149e-01
   4.5733449e-01
   4.4996223e-01
   4.4253880e-01
   4.3516657e-01
   4.2789674e-01
   4.2072928e-01
   4.1371545e-01
   4.0685520e-01
   3.9999494e-01
   3.9328822e-01
   3.8673511e-01
   3.8038677e-01
   3.7398726e-01
   3.6774135e-01
   3.6149544e-01
   3.5530072e-01
   3.4905481e-01
   3.4286007e-01
   3.3681893e-01
   3.3103380e-01
   3.2524863e-01
   3.1941229e-01
   3.1378070e-01
   3.0820030e-01
   3.0261993e-01
   2.9709077e-01
   2.9156157e-01
   2.8608361e-01
   2.8065684e-01
   2.7548605e-01
   2.7026406e-01
   2.6514450e-01
   2.5987127e-01
   2.5449565e-01
   2.4912003e-01
   2.4394922e-01
   2.3877841e-01
   2.3355642e-01
   2.2843683e-01
   2.2341961e-01
   2.1840240e-01
   2.1328279e-01
   2.0816320e-01
   2.0304359e-01
   1.9792402e-01
   1.9295800e-01
   1.8804318e-01
   1.8307716e-01
   1.7800875e-01
   1.7309391e-01
   1.6828148e-01
   1.6341785e-01
   1.5855423e-01
   1.5363941e-01
   1.4882699e-01
   1.4416812e-01
   1.3940689e-01
   1.3438965e-01
   1.2947485e-01
   1.2466244e-01
   1.1979879e-01
   1.1508875e-01
   1.1048110e-01
   1.0566866e-01
   1.0080505e-01
   9.6095011e-02
   9.1282576e-02
   8.6674929e-02
   8.2016081e-02
   7.7050060e-02
   7.2237626e-02
   6.7527585e-02
   6.2868744e-02
   5.8158711e-02
   5.3346284e-02
   4.8533861e-02
   4.3670237e-02
   3.8909007e-02
   3.4250155e-02
   2.9591333e-02
   2.4830114e-02
   2.0171270e-02
   1.5512427e-02
   1.0802390e-02
   6.1435462e-03
   1.3311099e-03
  -3.4813196e-03
  -8.2425568e-03
  -1.2952599e-02
  -1.7662639e-02
  -2.2321479e-02
  -2.6929125e-02
  -3.1485580e-02
  -3.6042031e-02
  -4.0752064e-02
  -4.5513298e-02
  -5.0274532e-02
  -5.4933377e-02
  -5.9541021e-02
  -6.4046271e-02
  -6.8551533e-02
  -7.3159181e-02
  -7.7715628e-02
  -8.2118489e-02
  -8.6623743e-02
  -9.1077805e-02
  -9.5429465e-02
  -9.9729940e-02
  -1.0418399e-01
  -1.0848446e-01
  -1.1278493e-01
  -1.1693182e-01
  -1.2102750e-01
  -1.2502080e-01
  -1.2906529e-01
  -1.3285379e-01
  -1.3674469e-01
  -1.4063559e-01
  -1.4478248e-01
  -1.4882697e-01
  -1.5276907e-01
  -1.5671118e-01
  -1.6055088e-01
  -1.6444178e-01
  -1.6823030e-01
  -1.7207000e-01
  -1.7590970e-01
  -1.7980060e-01
  -1.8369150e-01
  -1.8768480e-01
  -1.9157571e-01
  -1.9546659e-01
  -1.9940870e-01
  -2.0340198e-01
  -2.0744647e-01
  -2.1143977e-01
  -2.1517709e-01
  -2.1896560e-01
  -2.2280531e-01
  -2.2664501e-01
  -2.3063830e-01
  -2.3463160e-01
  -2.3852250e-01
  -2.4231102e-01
  -2.4625310e-01
  -2.5019521e-01
  -2.5429088e-01
  -2.5823295e-01
  -2.6197028e-01
  -2.6586118e-01
  -2.6975212e-01
  -2.7379659e-01
  -2.7799469e-01
  -2.8219277e-01
  -2.8618604e-01
  -2.8992337e-01
  -2.9386544e-01
  -2.9780757e-01
  -3.0195445e-01
  -3.0615252e-01
  -3.1040180e-01
  -3.1459990e-01
  -3.1864437e-01
  -3.2268888e-01
  -3.2668215e-01
  -3.3082905e-01
  -3.3497593e-01
  -3.3917400e-01
  -3.4337211e-01
  -3.4751901e-01
  -3.5156351e-01
  -3.5565922e-01
  -3.5965252e-01
  -3.6344105e-01
  -3.6717838e-01
  -3.7096688e-01
  -3.7480655e-01
  -3.7874866e-01
  -3.8279316e-01
  -3.8668406e-01
  -3.9052376e-01
  -3.9436346e-01
  -3.9830557e-01
  -4.0214527e-01
  -4.0593377e-01
  -4.0967107e-01
  -4.1351074e-01
  -4.1729924e-01
  -4.2119014e-01
  -4.2508107e-01
  -4.2892081e-01
  -4.3270931e-01
  -4.3654904e-01
  -4.4033754e-01
  -4.4407484e-01
  -4.4770977e-01
  -4.5129347e-01
  -4.5472363e-01
  -4.5825613e-01
  -4.6168625e-01
  -4.6491161e-01
  -4.6813697e-01
  -4.7141349e-01
  -4.7489482e-01
  -4.7837612e-01
  -4.8170388e-01
  -4.8482683e-01
  -4.8800096e-01
  -4.9127752e-01
  -4.9450287e-01
  -4.9767706e-01
  -5.0074881e-01
  -5.0371820e-01
  -5.0663638e-01
  -5.0955456e-01
  -5.1257515e-01
  -5.1554447e-01
  -5.1846266e-01
  -5.2132964e-01
  -5.2404302e-01
  -5.2680755e-01
  -5.2946973e-01
  -5.3223437e-01
  -5.3499901e-01
  -5.3766119e-01
  -5.4022104e-01
  -5.4283202e-01
  -5.4544300e-01
  -5.4795164e-01
  -5.5046022e-01
  -5.5286646e-01
  -5.5506796e-01
  -5.5716699e-01
  -5.5941957e-01
  -5.6177461e-01
  -5.6412965e-01
  -5.6658703e-01
  -5.6889081e-01
  -5.7114345e-01
  -5.7339603e-01
  -5.7544386e-01
  -5.7744050e-01
  -5.7964188e-01
  -5.8163846e-01
  -5.8348149e-01
  -5.8527339e-01
  -5.8716762e-01
  -5.8906192e-01
  -5.9100741e-01
  -5.9290165e-01
  -5.9474468e-01
  -5.9663898e-01
  -5.9863555e-01
  -6.0063219e-01
  -6.0252643e-01
  -6.0436952e-01
  -6.0605901e-01
  -6.0764611e-01
  -6.0923320e-01
  -6.1082023e-01
  -6.1250979e-01
  -6.1419922e-01
  -6.1583751e-01
  -6.1762941e-01
  -6.1942130e-01
  -6.2105960e-01
  -6.2264669e-01
  -6.2408012e-01
  -6.2551361e-01
  -6.2704951e-01
  -6.2848306e-01
  -6.2981415e-01
  -6.3124764e-01
  -6.3283473e-01
  -6.3426822e-01
  -6.3570172e-01
  -6.3713521e-01
  -6.3861996e-01
  -6.4010465e-01
  -6.4164054e-01
  -6.4322764e-01
  -6.4466113e-01
  -6.4594102e-01
  -6.4716971e-01
  -6.4839840e-01
  -6.4962715e-01
  -6.5059984e-01
  -6.5147018e-01
  -6.5234053e-01
  -6.5321082e-01
  -6.5413237e-01
  -6.5505385e-01
  -6.5597540e-01
  -6.5679449e-01
  -6.5746003e-01
  -6.5797198e-01
  -6.5833032e-01
  -6.5863746e-01
  -6.5904707e-01
  -6.5961015e-01
  -6.5991735e-01
  -6.6012216e-01
  -6.6037810e-01
  -6.6063410e-01
  -6.6089010e-01
  -6.6109490e-01
  -6.6114610e-01
  -6.6114616e-01
  -6.6114616e-01
  -6.6089016e-01
  -6.6063416e-01
  -6.6037822e-01
  -6.5991747e-01
  -6.5950787e-01
  -6.5889353e-01
  -6.5817672e-01
  -6.5725529e-01
  -6.5628254e-01
  -6.5525866e-01
  -6.5433711e-01
  -6.5341556e-01
  -6.5218687e-01
  -6.5085572e-01
  -6.4952463e-01
  -6.4824468e-01
  -6.4691353e-01
  -6.4537764e-01
  -6.4373934e-01
  -6.4204991e-01
  -6.4041167e-01
  -6.3872224e-01
  -6.3698161e-01
  -6.3518971e-01
  -6.3339788e-01
  -6.3140124e-01
  -6.2940460e-01
  -6.2740791e-01
  -6.2536007e-01
  -6.2331218e-01
  -6.2111074e-01
  -6.1880696e-01
  -6.1645192e-01
  -6.1378974e-01
  -6.1107635e-01
  -6.0836303e-01
  -6.0554719e-01
  -6.0278261e-01
  -6.0001796e-01
  -5.9715098e-01
  -5.9428394e-01
  -5.9146821e-01
  -5.8865243e-01
  -5.8563191e-01
  -5.8276492e-01
  -5.7974434e-01
  -5.7662141e-01
  -5.7329357e-01
  -5.6996578e-01
  -5.6658685e-01
  -5.6305432e-01
  -5.5957299e-01
  -5.5609173e-01
  -5.5261040e-01
  -5.4897553e-01
  -5.4518700e-01
  -5.4150087e-01
  -5.3776354e-01
  -5.3397495e-01
  -5.3023756e-01
  -5.2644908e-01
  -5.2250707e-01
  -5.1846260e-01
  -5.1426458e-01
  -5.1016885e-01
  -5.0612438e-01
  -5.0202870e-01
  -4.9788183e-01
  -4.9383736e-01
  -4.8953688e-01
  -4.8513401e-01
  -4.8062873e-01
  -4.7607231e-01
  -4.7161826e-01
  -4.6716422e-01
  -4.6265897e-01
  -4.5800012e-01
  -4.5334131e-01
  -4.4858006e-01
  -4.4397241e-01
  -4.3936476e-01
  -4.3470588e-01
  -4.2989346e-01
  -4.2508101e-01
  -4.2037097e-01
  -4.1560975e-01
  -4.1084853e-01
  -4.0608728e-01
  -4.0122369e-01
  -3.9630887e-01
  -3.9149642e-01
  -3.8673514e-01
  -3.8207632e-01
  -3.7726390e-01
  -3.7240025e-01
  -3.6743423e-01
  -3.6262181e-01
  -3.5760459e-01
  -3.5253617e-01
  -3.4746772e-01
  -3.4239930e-01
  -3.3722848e-01
  -3.3205768e-01
  -3.2683569e-01
  -3.2176727e-01
  -3.1664765e-01
  -3.1137449e-01
  -3.0615249e-01
  -3.0082810e-01
  -2.9555491e-01
  -2.9028165e-01
  -2.8505969e-01
  -2.7999127e-01
  -2.7497405e-01
  -2.7005923e-01
  -2.6509324e-01
  -2.6012722e-01
  -2.5505883e-01
  -2.4999037e-01
  -2.4487078e-01
  -2.3964877e-01
  -2.3432438e-01
  -2.2925597e-01
  -2.2403395e-01
  -2.1881193e-01
  -2.1374354e-01
  -2.0877752e-01
  -2.0381148e-01
  -1.9889668e-01
  -1.9398186e-01
  -1.8891343e-01
  -1.8389623e-01
  -1.7893019e-01
  -1.7406656e-01
  -1.6951011e-01
  -1.6505606e-01
  -1.5983610e-01
  -1.5428376e-01
  -1.4887042e-01
  -1.4366481e-01
  -1.3839187e-01
  -1.3304560e-01
  -1.2786810e-01
  -1.2293964e-01
  -1.1775431e-01
  -1.1276585e-01
  -1.0785306e-01
  -1.0280358e-01
  -9.7907171e-02
  -9.3023263e-02
  -8.8153370e-02
  -8.3471388e-02
  -7.8912489e-02
  -7.4305743e-02
  -6.9841430e-02
  -6.5126650e-02
  -6.1323203e-02
  -5.7431754e-02
  -5.3558845e-02
  -4.9577612e-02
  -4.6302430e-02
  -4.3440811e-02
  -4.0606670e-02
  -3.7455488e-02
  -3.3704076e-02
  -3.0440105e-02
  -2.7121872e-02
  -2.5345469e-02
  -2.3022480e-02
  -2.1693172e-02
  -1.8874284e-02
  -1.5600174e-02
  -1.4560163e-02
  -1.6177958e-02
  -2.0222448e-02
